12	253
158	258
157	266
180	266
191	255
18	263
158	262
189	250
94	251
57	252
50	260
183	268
177	257
148	258
38	253
135	260
105	256
16	268
138	252
36	257
172	267
64	266
183	250
129	253
132	262
30	266
69	251
27	253
200	264
48	264
20	261
95	265
53	260
180	252
146	254
182	266
116	267
71	265
183	252
5	254
47	258
102	262
168	267
148	253
199	269
196	266
49	266
101	264
89	265
143	257
84	256
181	262
154	265
109	264
120	256
74	257
101	259
90	260
126	260
140	258
50	269
79	264
143	265
104	254
80	260
194	258
147	268
195	259
60	256
58	251
81	269
48	265
93	261
162	253
48	251
130	265
137	260
5	264
27	253
98	269
46	255
44	251
1	253
167	268
93	255
148	266
161	259
184	261
111	250
91	264
168	268
185	250
13	261
72	256
53	263
41	254
137	265
102	251
12	269
55	252
75	255
145	263
8	268
31	265
121	269
151	266
104	262
172	250
104	269
173	255
161	266
22	266
51	269
197	253
123	257
109	254
130	257
187	253
11	266
23	258
21	257
72	262
156	260
61	263
77	253
64	263
101	266
80	265
110	262
157	257
184	263
7	257
67	255
76	250
144	258
123	269
135	266
35	258
67	256
80	268
42	263
75	264
93	266
75	254
176	266
31	262
127	259
34	265
12	256
11	263
55	257
117	250
161	255
128	255
19	266
127	265
15	269
74	256
149	253
7	252
30	252
168	262
200	263
111	251
99	254
178	260
8	250
159	253
165	253
40	250
92	251
22	252
28	266
75	253
30	254
180	255
189	263
139	267
40	256
83	267
198	263
190	264
70	260
161	259
34	262
16	259
163	264
14	253
86	255
107	250
73	252
27	262
180	261
111	252
3	261
45	265
103	259
169	265
158	261
43	256
167	253
56	266
62	263
140	262
181	264
123	254
45	252
177	269
65	263
77	266
143	250
125	258
167	263
89	250
124	267
23	266
27	260
163	260
176	266
27	267
147	259
164	261
69	266
173	258
5	259
127	269
42	268
115	267
182	254
160	266
100	260
160	250
134	261
46	250
97	257
153	260
171	251
170	250
184	252
41	250
90	259
177	256
83	258
155	253
121	260
68	257
87	251
151	265
115	266
68	253
134	268
151	251
154	261
44	259
162	262
108	257
9	254
138	263
184	265
60	254
116	264
64	256
194	254
174	260
200	266
48	259
58	253
165	267
120	253
168	266
175	258
76	265
170	260
148	256
172	258
105	269
97	263
97	258
134	259
181	260
168	253
111	251
111	268
59	260
74	255
156	268
109	250
134	260
74	250
44	251
15	264
55	265
71	263
5	254
159	254
43	256
146	258
187	260
55	268
70	255
113	257
79	264
131	257
131	262
134	260
87	255
98	253
48	269
65	269
152	259
56	252
142	258
56	258
161	268
79	259
118	265
186	260
119	257
105	256
196	256
154	257
137	251
152	253
125	263
103	255
118	257
181	259
17	252
110	251
76	264
150	265
160	250
102	252
84	265
58	258
3	256
42	256
80	252
31	257
9	252
43	255
31	255
160	252
60	266
158	267
179	269
19	250
196	262
191	260
171	258
93	263
92	250
189	255
102	257
143	268
142	265
64	266
161	261
18	262
52	258
86	253
25	264
70	256
127	258
12	257
181	257
161	263
40	254
89	262
13	253
127	260
163	253
197	254
153	266
180	252
168	250
63	260
26	268
26	254
64	251
114	251
177	262
69	256
76	264
9	260
25	259
179	252
39	261
112	264
117	253
106	258
10	262
37	250
48	250
104	251
77	250
47	250
1	256
151	251
153	258
115	268
174	261
34	256
48	255
150	251
167	250
183	255
111	263
83	258
67	264
15	253
8	268
16	269
33	251
184	253
64	267
41	252
200	250
195	264
11	267
11	267
4	268
67	267
69	256
199	269
65	265
18	260
126	250
198	266
7	259
150	262
16	259
110	252
64	259
4	266
170	267
87	261
159	263
72	264
150	250
155	268
181	255
26	261
33	267
96	254
71	261
56	264
43	259
11	254
134	252
180	263
124	262
44	251
78	265
13	260
127	261
186	267
113	256
155	260
17	256
150	250
103	258
197	263
79	250
118	258
200	258
191	263
6	258
62	258
59	250
95	265
173	254
146	268
166	257
133	255
66	268
198	255
70	268
73	261
76	258
59	265
155	264
83	256
120	266
114	269
41	260
55	266
10	256
98	256
151	258
146	261
118	253
183	258
43	263
155	258
170	264
145	250
120	258
162	262
16	255
104	260
42	264
151	255
96	261
165	253
141	253
148	256
169	258
117	258
57	254
100	263
105	260
35	261
17	259
118	260
25	250
52	265
47	265
5	256
77	257
26	265
65	261
11	253
31	268
85	264
30	266
18	267
100	250
65	269
194	263
5	262
42	255
125	254
142	259
94	266
73	266
63	262
160	257
129	257
138	266
109	268
117	252
186	260
164	255
14	265
104	264
70	252
153	257
125	252
108	263
88	250
27	253
159	253
73	253
71	268
1	268
53	267
130	250
16	255
73	266
128	267
25	254
29	251
120	264
22	264
52	269
43	252
99	259
143	261
11	264
84	268
115	255
190	256
197	251
69	259
180	259
195	266
41	250
200	269
112	256
140	263
100	262
43	262
106	259
89	266
137	251
49	269
117	255
2	255
75	252
122	260
90	258
62	265
60	267
77	256
85	251
188	252
132	260
86	253
20	250
64	250
26	265
79	259
191	263
49	269
113	266
83	251
179	256
13	252
97	251
158	261
14	254
150	254
170	250
31	264
111	254
121	250
162	258
180	254
124	258
71	251
67	267
158	253
157	253
184	266
193	266
27	262
176	265
16	268
17	268
186	262
138	254
149	251
88	269
145	251
13	253
152	268
157	254
64	257
96	267
42	268
193	257
80	269
78	258
164	251
143	254
145	256
197	254
173	252
7	257
116	261
23	256
128	257
187	261
100	267
89	257
103	253
171	263
103	264
42	266
2	255
23	255
86	250
14	261
93	268
33	250
181	259
191	255
46	259
102	253
56	251
178	269
104	269
105	254
100	256
35	266
47	252
125	253
108	267
86	252
88	266
90	250
31	255
83	266
77	264
3	267
186	265
118	267
28	261
3	251
175	269
150	269
60	253
150	261
21	251
78	252
62	257
63	251
63	256
103	253
69	258
9	255
18	266
194	269
172	262
75	255
55	250
138	263
32	260
113	255
188	262
68	268
138	262
195	252
131	255
45	263
165	254
171	258
23	260
96	250
72	261
164	257
73	263
190	252
19	264
90	265
16	268
36	257
9	253
143	252
150	258
102	252
54	253
33	260
129	264
35	264
76	250
15	257
191	251
167	261
24	261
199	252
98	250
13	251
130	269
74	266
153	256
125	254
87	265
45	267
90	265
108	259
162	261
3	263
86	257
82	253
134	260
37	254
1	261
72	250
171	269
17	251
190	257
123	261
34	256
28	256
97	255
126	250
14	261
110	259
70	256
33	266
104	253
175	254
107	266
173	267
111	259
62	257
82	256
26	256
93	261
84	261
48	256
72	264
141	259
146	257
74	250
182	252
191	268
88	267
108	269
57	263
185	269
9	259
25	256
87	261
152	262
158	252
61	267
29	262
53	252
30	255
74	264
187	265
40	253
146	267
141	259
190	262
79	255
72	254
45	264
141	267
95	252
55	254
43	260
146	252
78	264
108	254
170	257
87	256
16	255
51	263
184	256
157	263
183	268
27	251
99	263
110	269
165	259
97	252
102	252
53	268
39	255
133	269
114	263
26	250
190	259
126	269
94	258
103	254
82	260
12	257
29	261
161	265
171	263
41	265
14	258
137	264
173	260
91	263
89	255
43	264
176	253
51	260
98	261
33	266
108	263
177	269
164	251
108	263
149	252
38	256
143	269
55	267
102	262
73	255
135	255
97	261
9	259
52	264
133	255
152	269
132	253
184	259
177	251
76	266
72	262
47	256
200	254
107	263
60	259
200	252
32	267
152	258
89	267
139	251
40	257
56	255
16	253
160	251
184	250
1	253
8	268
100	269
64	250
51	260
159	252
2	267
22	261
106	263
155	255
189	256
1	253
185	254
105	265
93	259
101	263
190	253
130	258
9	262
44	256
176	260
118	259
40	257
194	269
174	259
129	257
93	258
34	262
106	256
180	268
85	252
45	265
125	256
178	264
134	261
199	268
18	251
27	253
182	258
107	266
121	253
195	268
134	250
129	251
66	260
51	258
53	259
187	256
120	257
164	254
194	251
100	267
130	259
176	251
129	263
71	254
138	264
134	267
31	250
42	263
181	269
3	255
74	253
58	266
31	255
135	251
129	261
49	261
103	259
123	254
188	255
75	269
182	264
112	267
23	263
136	269
80	269
98	253
193	258
99	269
5	251
183	251
12	257
142	266
31	261
18	250
100	253
164	260
147	260
111	250
9	256
70	260
3	269
118	260
65	264
67	256
96	252
101	258
16	255
185	257
31	254
173	265
115	254
69	263
105	258
13	269
137	259
141	254
140	256
161	256
63	268
87	261
113	264
95	269
20	260
65	256
15	256
88	253
112	251
85	252
181	260
139	251
36	262
75	254
26	260
94	260
23	256
156	269
131	264
146	260
79	256
156	259
106	254
119	263
182	259
199	263
89	259
29	269
110	269
66	266
189	260
45	262
43	252
94	263
45	260
15	260
129	255
196	250
107	259
2	251
49	250
67	251
109	262
81	256
73	266
69	251
39	266
149	260
140	255
151	264
180	258
104	265
156	268
193	256
22	260
23	262
144	269
44	252
122	254
30	265
135	263
141	265
15	265
152	262
144	255
59	255
144	251
166	267
7	252
198	254
22	266
45	252
133	255
65	260
89	257
88	256
44	255
30	268
175	255
50	268
50	261
132	265
134	251
67	255
51	253
117	260
67	251
176	256
92	266
165	267
186	262
124	263
168	269
15	252
47	269
191	268
18	265
26	262
97	253
191	253
92	253
177	257
172	269
89	264
128	254
66	267
180	254
103	253
39	259
2	259
115	269
20	253
26	261
136	269
132	258
102	255
134	251
44	259
129	261
200	260
62	259
2	263
66	256
166	262
135	264
58	259
169	265
78	260
164	263
52	250
148	263
54	268
190	262
188	251
73	250
86	266
145	253
196	250
144	267
170	264
123	268
6	260
96	260
47	255
192	267
63	252
171	255
150	259
151	259
95	259
103	253
160	266
42	267
190	261
154	254
66	259
141	252
67	254
123	255
48	269
134	264
108	260
98	253
151	250
89	266
140	262
152	263
187	269
49	258
22	266
55	258
140	250
140	265
146	256
116	267
189	269
130	250
183	252
108	250
136	253
30	257
96	251
100	256
65	259
177	251
57	250
57	258
92	259
71	262
177	265
117	263
158	264
137	268
190	265
113	266
13	255
160	269
104	252
150	262
39	265
67	261
62	255
102	266
176	259
122	266
112	266
143	251
77	250
80	254
43	257
70	260
75	263
88	254
89	255
46	259
178	266
175	253
137	256
199	265
179	256
3	259
162	266
27	256
193	259
49	261
22	264
133	252
13	260
164	266
21	266
135	259
95	250
190	263
90	266
1	268
59	251
91	251
89	267
116	250
28	261
153	257
173	251
60	267
175	259
35	257
37	267
95	269
120	265
114	268
70	266
36	269
31	259
9	263
144	265
9	255
174	258
16	264
165	262
73	265
73	269
61	260
2	258
99	265
121	251
185	268
41	261
193	252
97	268
70	264
62	260
157	258
144	256
133	262
190	258
160	254
148	262
179	250
129	265
34	265
176	264
50	260
114	255
50	251
34	259
161	264
99	265
101	252
64	256
64	255
121	257
34	254
171	262
13	258
41	256
171	256
99	252
195	258
120	263
58	252
28	254
85	264
124	260
173	256
24	268
87	251
108	268
140	259
112	268
39	267
89	254
86	253
5	253
18	260
46	250
169	258
157	257
143	256
162	255
32	266
73	253
100	258
40	269
109	266
43	254
194	267
117	268
23	256
138	258
153	266
106	259
119	265
128	263
175	265
180	255
64	269
67	252
167	268
41	262
66	252
101	257
143	268
79	251
119	263
140	264
45	263
74	256
160	257
59	264
49	256
134	252
25	259
166	253
122	266
27	258
186	253
96	268
191	266
103	266
71	251
175	263
178	257
59	268
43	269
116	266
196	268
55	257
132	264
179	253
19	267
110	260
100	269
169	253
41	259
7	252
54	265
100	263
149	255
137	262
46	252
197	251
198	254
191	266
8	250
166	253
27	252
48	259
155	255
107	253
14	268
69	255
89	264
86	253
192	260
27	267
57	251
63	257
27	260
198	262
79	262
80	250
187	252
152	266
114	252
96	255
106	261
35	255
65	262
93	269
153	261
17	266
105	257
130	253
132	256
184	269
15	253
66	265
10	263
36	260
117	252
135	258
103	268
192	256
7	268
189	252
118	264
149	252
144	252
95	253
177	267
192	264
23	257
9	263
124	251
22	269
89	258
94	260
143	251
81	269
193	269
123	264
86	269
40	264
80	255
28	255
28	253
150	260
196	251
129	268
179	261
195	251
190	259
25	251
131	266
60	251
124	267
150	252
92	254
166	251
57	256
100	266
192	250
56	252
99	250
31	257
193	253
102	257
127	261
118	268
197	253
127	258
146	267
99	257
188	255
187	268
185	251
175	257
103	260
19	267
22	250
198	266
155	255
110	250
109	266
113	266
12	258
179	252
112	267
94	251
64	267
126	263
122	268
37	268
61	262
154	260
66	265
143	269
75	259
7	255
54	261
163	252
153	258
130	266
108	258
134	251
123	252
197	261
108	269
80	260
19	252
117	256
91	259
1	259
81	258
53	267
42	266
136	251
109	253
77	263
18	256
105	265
8	268
86	266
44	269
39	252
21	263
100	253
111	262
181	254
175	267
89	254
27	267
180	256
150	257
118	265
145	261
60	265
178	269
74	255
23	267
176	254
89	257
72	256
135	263
59	268
28	260
86	251
189	259
132	253
37	268
15	267
79	255
136	252
129	263
23	265
114	254
118	263
162	254
66	250
61	259
126	268
32	257
148	257
142	267
176	267
183	259
108	256
13	269
129	264
74	265
195	260
191	254
135	259
84	254
125	264
24	258
187	257
200	267
169	256
190	261
153	261
69	264
88	253
119	256
114	255
65	260
140	253
15	263
78	258
39	255
87	253
185	259
7	257
118	253
133	264
36	267
123	261
107	261
4	261
160	263
120	264
170	267
14	252
168	262
166	253
42	268
31	252
177	267
8	263
142	257
68	263
134	266
169	253
148	262
135	259
163	256
47	250
96	257
169	261
29	262
14	258
73	261
165	269
200	255
15	260
50	258
51	256
98	263
62	261
49	251
104	262
137	267
45	253
69	263
169	253
12	267
126	259
69	265
168	250
163	257
54	260
144	251
58	250
160	254
170	265
86	260
44	260
39	258
130	254
152	266
80	261
42	253
22	269
157	253
179	259
79	258
200	256
196	269
72	263
73	261
13	253
11	260
12	252
198	266
58	264
27	258
188	261
89	260
27	269
148	269
42	254
110	253
72	264
51	253
32	256
69	252
78	250
173	265
57	254
183	259
50	263
15	260
187	251
150	256
104	269
66	260
192	261
57	255
183	269
77	269
38	250
66	269
76	262
75	255
137	258
116	262
158	254
156	252
197	252
79	265
138	268
146	255
196	252
110	256
134	259
65	264
6	268
126	251
52	251
187	251
80	262
49	250
94	267
129	257
52	265
69	258
74	255
61	269
150	256
37	267
63	255
179	251
167	260
155	255
144	267
12	261
4	267
178	265
97	252
32	251
23	250
182	253
96	264
20	269
112	267
28	254
140	262
154	258
25	261
68	254
192	259
194	254
183	262
113	252
56	269
3	250
196	254
134	254
67	266
95	266
197	257
194	262
118	265
152	264
157	261
189	262
1	256
86	251
160	252
199	252
84	267
100	269
103	251
124	260
9	250
20	258
119	263
105	263
126	251
57	256
70	252
111	261
46	266
159	269
114	268
82	269
139	252
21	264
199	251
114	259
41	269
20	267
177	269
188	251
117	254
26	256
98	252
200	261
36	263
64	264
76	255
128	266
95	251
82	258
190	266
164	261
162	250
102	250
102	255
166	260
167	267
91	266
163	260
155	257
119	265
148	263
197	261
94	266
66	268
44	253
12	263
11	265
86	269
193	254
140	259
160	265
21	262
7	266
173	269
8	253
144	265
15	260
60	259
48	262
176	264
183	266
57	269
101	264
126	268
126	250
3	250
25	257
88	264
156	253
76	252
188	253
173	258
139	254
46	269
133	264
184	258
20	253
58	269
70	258
129	267
81	256
50	260
148	268
93	265
91	261
166	267
24	256
36	269
126	257
155	266
189	254
152	261
95	253
7	263
78	250
62	268
69	250
133	252
91	260
169	250
143	258
34	251
99	257
143	263
26	263
66	256
26	253
170	263
189	262
144	252
185	252
43	254
71	257
88	256
87	257
6	256
66	251
171	253
62	269
142	263
99	265
55	269
133	262
129	259
5	266
175	265
189	266
30	265
27	251
73	251
179	263
48	255
140	253
23	259
78	255
32	256
23	253
161	267
56	254
140	266
88	269
162	259
103	263
150	268
71	256
163	250
19	251
141	256
120	263
93	262
140	262
119	256
162	261
2	252
15	252
6	259
3	253
38	251
88	258
89	265
23	256
184	269
109	263
30	259
36	257
96	267
22	261
26	261
75	260
40	255
168	268
149	259
159	256
198	251
34	250
126	268
122	264
14	267
96	254
103	252
46	260
159	253
89	253
156	265
78	269
98	260
136	250
176	256
84	263
118	262
191	252
13	258
16	265
112	262
117	258
194	251
131	250
78	253
149	257
197	250
59	256
125	264
169	254
105	269
153	251
39	267
53	264
113	254
199	255
119	261
190	265
22	269
50	256
21	265
160	266
84	262
142	268
10	265
166	258
35	260
158	256
91	252
85	267
186	257
100	251
93	267
60	258
96	263
137	252
76	257
192	266
7	255
196	257
53	256
143	265
70	262
139	264
76	268
109	268
20	253
19	265
1	260
94	257
57	254
155	269
64	269
28	262
76	258
199	256
74	266
151	269
88	265
54	265
92	267
132	268
118	267
117	259
61	250
22	266
79	268
191	255
181	257
19	268
20	268
52	262
187	257
49	265
168	252
109	260
13	266
31	252
32	269
51	268
132	251
134	251
111	261
11	258
112	253
197	261
158	250
40	259
6	260
118	266
55	253
128	264
20	259
80	267
147	268
62	253
154	267
121	251
177	251
56	258
175	263
27	259
2	253
146	250
119	261
134	262
91	261
183	259
174	267
134	267
115	264
114	269
41	269
172	251
126	256
96	260
133	263
12	250
116	266
14	252
2	266
83	251
178	262
67	251
48	265
62	256
143	266
84	263
19	256
115	263
23	251
127	269
40	258
155	259
30	263
159	254
180	259
134	264
6	250
18	269
5	259
25	263
122	263
194	260
20	259
12	262
199	262
126	263
149	254
60	265
197	269
33	268
49	252
56	267
124	268
98	258
125	258
9	259
18	251
102	251
120	255
6	268
150	250
44	253
61	265
91	257
1	254
136	256
140	260
85	257
60	264
13	263
184	253
8	261
101	267
40	260
31	261
9	265
82	251
61	265
136	253
177	264
20	267
178	262
32	256
48	251
96	252
192	252
84	268
53	256
33	250
1	252
43	255
51	250
106	255
87	252
135	251
73	260
133	265
95	262
120	260
125	257
87	254
112	253
128	254
95	254
200	268
176	265
11	260
71	269
91	258
110	266
135	265
58	262
81	254
106	260
33	258
76	250
135	268
72	265
151	250
134	269
99	266
44	267
2	260
164	255
153	267
195	260
75	254
99	250
75	267
32	262
96	266
103	250
113	265
17	266
95	264
4	257
171	263
107	265
179	269
70	252
11	260
137	267
160	260
56	268
57	258
54	255
48	261
172	254
32	265
17	253
44	269
4	266
88	250
79	262
147	256
123	260
177	264
161	257
117	252
135	261
11	266
128	261
6	265
182	263
66	263
188	261
95	268
175	267
83	257
124	263
141	252
43	253
5	269
70	262
96	255
197	261
117	265
47	268
83	257
186	258
25	255
70	252
88	266
37	252
138	261
141	260
68	256
180	256
190	269
47	267
26	261
115	254
168	252
154	256
54	262
52	264
76	257
52	263
190	260
167	255
20	266
108	266
198	254
5	269
115	267
103	258
15	264
180	262
23	267
106	258
68	255
193	251
115	258
45	250
116	263
33	263
159	257
63	256
104	262
60	254
44	252
183	251
5	266
154	253
121	259
81	253
19	256
128	252
188	269
9	260
9	266
73	265
192	268
144	265
53	267
148	250
174	267
107	267
75	261
184	255
40	267
49	260
159	266
103	254
166	268
130	268
174	269
26	269
139	254
77	258
46	259
176	253
129	260
178	266
196	267
151	258
102	258
80	260
161	256
162	261
64	256
40	258
47	254
117	267
42	263
116	265
112	250
52	257
109	261
30	261
31	265
79	259
40	263
105	260
43	267
62	258
14	257
98	250
32	267
86	261
49	259
25	257
46	250
27	262
84	261
126	257
191	261
193	267
101	257
133	265
125	252
46	266
89	258
109	256
174	258
69	255
148	263
123	268
199	259
89	253
47	262
111	253
138	250
24	264
10	253
112	252
50	267
59	255
172	262
107	265
89	256
131	252
153	269
164	265
121	251
10	250
102	267
10	254
136	251
166	262
178	268
39	251
49	261
20	266
81	260
173	261
141	261
46	259
135	255
80	262
52	254
33	262
22	255
80	266
59	264
81	269
158	265
128	251
55	255
137	258
137	251
114	255
74	261
129	251
111	262
169	253
61	250
23	265
36	264
110	251
37	250
159	255
163	254
18	251
70	268
80	257
192	264
187	268
86	263
119	265
176	266
128	260
38	260
59	264
83	257
168	255
170	260
19	253
17	259
37	252
183	262
194	254
96	269
74	258
161	257
107	258
87	259
145	259
135	256
75	268
106	253
7	255
68	267
69	255
170	253
118	264
31	257
178	266
20	268
109	250
42	269
121	268
100	253
34	255
55	256
157	252
198	266
110	256
68	260
115	257
154	253
155	262
120	250
192	261
31	260
151	257
66	250
155	262
53	252
27	255
196	265
87	250
3	262
193	266
76	252
11	269
95	265
22	250
186	254
35	250
111	257
109	257
39	250
51	269
100	264
5	255
39	260
134	265
160	268
154	266
76	260
170	253
74	269
34	260
15	254
160	263
29	258
121	262
162	252
33	254
98	266
192	250
190	263
102	267
200	263
75	254
85	262
120	256
131	255
56	267
106	252
145	269
65	263
173	250
14	269
83	267
37	265
88	261
70	254
20	262
95	257
67	260
151	255
107	263
129	259
71	266
188	252
7	265
183	268
181	261
178	258
178	263
131	250
61	258
57	254
90	255
53	267
179	269
8	269
157	262
64	264
190	267
187	258
178	263
47	255
111	258
118	250
168	260
148	267
181	259
77	269
77	266
167	267
140	261
185	266
180	257
23	250
114	265
37	267
120	269
102	256
155	256
111	257
109	253
193	259
109	262
44	263
156	267
111	260
162	262
149	261
122	255
190	268
49	268
153	258
194	265
88	266
159	253
19	264
45	258
150	269
34	257
149	253
4	269
86	253
193	260
118	267
181	264
115	252
67	255
142	254
177	252
17	268
97	263
127	253
36	258
157	258
65	260
6	267
143	267
19	259
12	260
109	251
52	265
13	267
118	254
168	262
38	262
193	252
193	264
10	267
44	257
148	268
62	262
36	255
139	256
9	261
185	251
42	267
45	268
131	257
96	268
173	266
149	257
85	265
101	261
71	257
62	257
35	254
127	252
115	254
41	267
27	267
60	257
94	262
33	253
155	254
148	267
136	253
158	265
49	264
127	258
114	257
95	258
142	260
144	255
57	269
75	255
56	266
19	266
104	258
60	269
67	255
37	263
196	259
108	252
98	258
105	254
173	266
192	250
90	255
161	263
164	251
191	262
95	268
180	255
22	251
1	252
61	252
160	267
11	268
3	268
129	250
124	267
192	250
130	260
132	266
34	265
8	264
55	255
5	269
145	251
16	260
65	252
95	250
2	261
179	259
32	266
188	265
100	260
152	252
140	254
135	259
110	252
76	253
93	264
1	265
2	258
24	257
154	259
106	268
57	263
101	264
32	262
199	264
3	252
49	250
94	257
21	261
167	268
64	265
187	264
6	250
171	259
160	267
66	266
69	251
183	264
98	264
14	261
131	265
133	254
124	269
132	260
45	258
200	252
10	265
14	263
44	253
112	266
160	266
155	255
103	254
23	251
177	269
123	251
25	266
42	253
139	254
148	253
130	259
63	258
91	262
46	259
86	266
66	251
94	253
35	259
35	254
61	267
45	253
65	254
59	253
114	258
108	254
116	264
58	266
149	265
63	266
189	256
152	257
63	252
114	256
138	256
5	255
136	269
177	262
172	269
78	254
185	269
73	259
77	258
96	253
135	267
148	254
81	267
52	265
167	268
59	255
120	255
131	253
9	256
131	253
123	263
160	260
23	258
133	258
165	267
86	262
166	256
181	260
31	266
189	263
179	257
109	262
117	250
14	253
170	254
113	260
108	254
41	266
50	268
122	265
95	262
179	250
95	258
195	255
20	258
1	262
186	265
85	264
50	267
100	260
104	260
194	259
56	254
187	262
117	261
140	267
86	250
18	258
166	269
64	259
138	258
61	263
162	268
8	262
187	254
87	251
2	254
176	265
94	264
115	266
133	269
128	261
52	255
174	268
159	262
197	258
81	258
23	255
17	252
96	263
142	255
190	254
125	253
107	265
73	267
166	264
136	251
96	251
25	268
30	261
170	266
72	265
96	253
20	257
97	269
23	265
136	268
43	265
18	251
47	268
133	252
126	251
18	254
6	254
41	257
113	266
55	252
34	264
172	253
111	260
138	264
19	261
104	258
65	264
169	264
82	267
124	257
98	264
106	261
94	268
71	266
85	264
114	256
130	262
88	265
175	263
60	262
22	253
49	254
66	262
122	265
195	256
76	264
28	253
179	262
52	269
2	257
170	250
30	259
4	265
101	255
62	268
22	261
85	251
48	256
108	260
46	255
175	268
114	269
71	262
149	251
59	269
67	256
45	267
55	258
36	259
98	256
191	261
122	256
30	250
112	266
16	251
140	263
191	258
29	251
17	251
187	269
51	260
130	268
170	255
51	252
132	252
182	264
191	258
143	260
144	261
89	259
132	250
97	255
197	268
100	250
160	264
90	267
59	265
14	252
176	263
175	251
167	252
120	252
3	257
158	252
141	263
23	269
131	265
23	263
10	267
157	267
26	269
118	261
180	253
82	264
96	257
18	266
73	256
39	260
28	256
178	254
162	258
156	267
78	254
192	259
16	263
106	251
137	269
59	250
9	254
73	264
52	268
191	251
184	256
163	257
118	252
53	269
24	254
192	256
136	250
61	258
140	251
92	267
41	269
161	251
116	250
180	251
190	251
166	263
22	260
15	261
31	268
19	264
132	253
196	264
129	265
137	260
62	256
123	256
178	269
101	255
175	262
181	257
63	261
159	251
140	266
55	252
121	264
104	264
24	261
155	261
149	267
83	265
84	254
137	256
4	251
17	251
141	260
21	250
67	262
73	267
15	258
178	258
91	257
173	259
180	266
181	251
15	255
86	266
41	261
121	263
165	264
178	268
82	252
47	262
122	253
81	268
185	265
54	266
184	257
31	250
73	263
172	255
184	261
66	268
71	264
77	250
116	262
113	253
51	259
82	264
14	269
67	256
42	267
125	250
36	257
173	268
72	254
114	269
113	262
140	256
31	266
47	256
196	258
183	260
22	251
164	257
170	253
110	267
73	267
48	256
168	263
183	267
195	269
40	263
63	266
138	265
160	260
178	251
149	258
6	260
60	258
123	261
100	250
27	264
148	267
189	260
139	252
184	256
117	255
36	266
163	256
159	256
198	264
41	261
92	254
136	261
157	251
15	259
80	269
157	254
66	267
168	261
135	252
141	259
14	263
96	257
117	267
189	252
147	252
1	260
147	255
186	266
105	268
200	267
84	267
198	251
142	251
49	251
23	267
7	261
76	253
31	259
166	261
163	252
93	254
35	265
100	251
1	260
28	260
77	258
170	260
98	266
46	261
189	257
47	252
126	253
54	267
23	257
94	251
75	253
67	254
2	257
135	250
86	266
157	268
65	258
115	257
189	260
100	268
130	261
171	267
85	251
68	265
34	266
93	266
144	250
165	267
161	267
200	254
81	257
60	262
30	258
101	259
179	258
13	257
140	252
80	260
8	250
54	269
58	259
68	269
24	256
109	263
142	250
28	268
86	258
121	267
174	263
46	268
185	255
75	250
13	258
27	252
113	255
75	267
34	262
195	267
68	267
67	255
161	257
13	261
35	257
67	268
159	250
190	255
24	266
198	257
107	265
125	267
107	263
68	268
197	256
139	263
41	252
114	251
92	259
129	269
122	253
148	252
95	252
132	254
150	255
4	256
42	258
104	252
39	263
50	257
85	259
103	252
82	251
156	254
186	251
105	265
77	253
162	258
166	265
112	265
40	253
167	265
41	256
96	258
2	251
173	259
200	255
146	269
116	250
86	265
39	264
44	251
90	255
137	252
114	258
145	256
34	267
7	259
127	259
92	263
77	259
22	264
108	253
138	250
121	252
7	250
11	263
97	261
185	253
58	268
171	253
8	255
21	259
127	250
164	268
35	265
138	258
175	260
1	265
170	269
33	266
95	254
93	265
183	259
50	252
44	267
39	268
73	267
179	266
103	252
154	254
165	262
104	259
2	251
100	269
16	254
115	262
115	263
32	267
165	254
107	262
179	255
122	260
192	269
160	256
31	254
177	259
20	269
33	265
118	257
112	262
40	250
168	250
187	259
93	256
69	268
40	258
188	268
7	261
30	260
128	250
109	253
188	254
82	263
76	263
90	263
138	251
156	267
194	268
2	256
81	267
154	260
167	253
164	263
198	257
54	269
49	269
87	257
61	257
71	263
79	268
186	268
27	257
40	253
106	251
86	251
11	263
41	267
71	262
153	269
93	264
162	251
27	252
149	269
82	256
98	256
28	256
181	268
187	258
184	269
94	268
122	260
26	258
78	256
71	266
174	250
20	262
172	268
91	266
62	261
91	258
56	265
154	250
10	252
34	257
13	256
36	260
105	264
164	254
165	252
146	268
102	267
113	265
152	250
34	259
161	265
80	262
70	253
82	258
71	250
105	261
39	259
163	268
169	256
180	254
27	263
113	264
197	250
50	255
10	250
100	257
191	258
34	259
196	256
28	263
178	250
13	256
73	264
168	261
47	255
13	263
135	261
54	269
77	251
30	251
126	258
123	266
1	266
26	254
161	257
53	262
165	268
52	258
83	268
171	254
186	265
107	253
78	253
185	263
154	264
5	250
34	260
113	267
79	256
162	256
171	250
162	258
137	256
53	256
106	250
131	268
116	254
175	257
184	250
186	262
107	268
163	263
161	261
95	255
150	267
171	251
148	264
56	251
179	265
92	252
3	255
110	254
64	251
26	263
195	253
175	255
10	259
59	252
9	263
194	254
11	260
54	260
32	258
126	263
103	259
46	258
76	264
184	264
20	268
27	257
187	251
135	266
114	265
193	252
191	251
177	264
24	253
174	263
126	253
112	252
53	252
1	262
119	259
6	267
53	267
23	267
141	253
183	259
73	261
48	256
113	259
38	264
57	263
4	268
97	255
195	257
161	269
105	258
135	258
19	250
78	263
111	254
167	261
105	254
21	258
166	253
111	252
36	250
73	250
116	266
18	265
154	253
49	255
77	261
91	266
120	262
70	264
51	250
178	250
121	258
105	252
81	259
36	259
182	266
176	250
29	266
68	264
160	268
180	265
162	266
128	268
171	266
129	255
142	259
7	268
117	253
57	257
101	263
87	267
179	258
94	268
100	261
79	256
32	254
65	260
139	253
23	267
162	253
200	250
137	262
181	252
119	255
28	265
141	255
94	258
6	268
127	261
70	257
130	263
133	267
112	255
177	259
96	265
22	265
34	255
15	266
146	254
15	255
62	252
200	256
58	262
162	262
133	265
59	265
200	257
122	251
135	259
139	268
171	251
86	256
7	261
194	267
136	269
135	267
28	263
96	255
129	257
145	253
172	261
4	262
59	268
155	265
102	250
144	256
186	257
5	268
185	251
8	263
95	266
72	257
195	255
47	255
45	254
197	258
194	256
162	251
19	263
131	263
140	253
168	254
51	269
107	262
38	265
20	266
52	252
160	263
64	267
101	257
16	250
89	253
182	261
47	254
130	263
199	267
191	262
101	257
158	257
14	260
9	256
193	269
139	253
197	254
41	251
20	253
58	255
157	259
143	258
25	261
25	256
102	254
112	264
57	259
141	256
102	253
128	267
109	265
66	263
22	258
171	260
8	266
175	266
193	267
145	269
160	252
21	262
180	267
29	254
127	254
86	266
12	267
77	255
37	267
42	260
139	254
113	260
95	268
199	257
182	253
14	254
107	261
63	254
20	265
140	252
189	260
190	261
16	261
109	256
55	255
148	261
194	268
170	255
168	269
69	262
85	255
71	250
57	261
121	257
158	266
171	264
160	250
70	261
29	268
10	266
13	265
156	250
97	256
165	265
53	253
170	259
85	256
121	258
128	260
41	254
24	250
77	268
104	265
123	251
70	260
116	269
159	268
7	264
1	269
172	261
43	269
115	261
68	254
98	255
12	260
35	260
147	268
193	250
192	255
138	259
176	256
181	251
2	268
126	269
123	265
91	255
85	258
181	252
162	251
154	265
67	261
37	256
3	255
45	256
103	264
150	254
166	262
90	259
35	250
200	257
24	267
82	264
7	259
192	263
127	255
200	266
61	267
92	253
118	252
193	259
84	258
155	264
49	268
28	260
103	252
195	253
130	265
37	252
200	262
55	263
192	259
96	251
169	262
7	254
13	268
144	260
56	264
68	250
94	254
90	256
18	259
34	258
109	260
112	259
154	264
142	267
139	254
92	262
13	267
48	251
10	250
98	267
169	266
129	252
136	264
154	253
36	265
114	251
98	259
104	257
31	252
130	267
47	259
120	262
158	267
87	258
76	259
157	268
8	251
170	252
140	255
192	260
167	260
79	262
172	269
81	269
104	250
80	258
74	256
135	262
54	253
196	250
129	264
171	251
55	259
116	255
18	263
37	251
152	258
44	258
78	261
56	255
37	253
174	262
99	260
103	261
34	263
101	258
187	254
52	258
186	258
151	255
87	266
200	258
74	258
65	269
3	255
122	258
13	263
100	255
6	261
45	257
153	255
70	269
164	259
117	269
36	264
125	250
184	256
136	259
34	261
64	269
3	253
24	261
118	250
84	264
25	260
127	268
86	257
68	253
125	251
97	266
2	265
14	259
27	252
155	257
67	259
197	267
76	255
191	269
172	264
178	251
117	267
199	267
68	265
151	258
184	259
188	250
99	252
29	262
29	264
194	269
110	262
79	255
90	260
14	267
11	260
193	250
12	260
187	251
94	250
110	258
55	255
157	250
65	254
176	254
163	254
32	266
21	260
55	258
154	257
173	255
19	264
83	265
101	260
136	252
156	265
175	264
50	264
92	255
123	255
66	251
68	252
150	252
52	258
123	264
48	269
16	262
107	268
181	261
166	259
98	251
140	254
154	262
133	256
8	253
181	263
174	250
19	267
55	260
162	268
104	267
93	257
186	264
144	260
81	264
175	257
72	259
172	263
37	254
18	266
98	268
93	257
149	255
134	268
40	257
189	255
66	267
83	259
102	267
45	261
176	269
115	269
199	264
8	267
40	263
118	259
38	253
164	264
173	259
42	251
1	251
70	256
198	262
52	254
87	261
94	253
40	268
82	252
199	263
82	254
101	265
147	261
139	258
104	256
170	260
192	251
104	263
107	261
125	262
107	259
143	251
131	269
64	264
18	256
64	252
197	267
29	266
172	268
154	268
39	257
69	260
14	253
102	269
90	257
88	266
96	263
182	257
180	257
139	257
98	261
195	254
68	252
101	264
107	250
125	265
164	254
108	263
138	256
96	259
62	261
162	266
141	268
104	262
134	255
192	260
170	266
200	262
121	251
107	255
70	253
91	258
51	267
199	268
51	258
157	268
138	257
127	257
5	255
127	256
84	264
170	258
39	251
128	267
131	263
51	261
180	269
42	268
5	255
133	257
12	264
186	250
178	255
196	251
123	261
162	254
99	254
76	257
9	251
163	258
119	267
93	253
6	251
117	253
70	257
44	256
15	266
35	255
103	258
178	256
76	250
41	256
62	250
51	268
67	257
164	260
98	267
151	267
71	250
64	265
86	262
114	257
200	258
69	250
62	253
109	258
115	256
1	268
148	265
109	250
122	257
57	263
62	252
145	252
198	261
137	260
195	266
137	265
118	267
184	251
56	267
118	253
136	252
5	256
156	258
124	261
94	262
73	268
33	269
93	263
113	253
55	267
199	250
125	269
42	260
70	256
4	269
150	258
107	260
126	259
91	253
63	253
49	263
43	266
155	268
62	255
94	259
2	268
165	265
170	264
129	260
131	261
60	254
143	253
141	267
172	267
195	251
69	253
191	266
134	260
38	254
164	267
72	262
80	256
80	263
152	269
36	267
49	265
185	258
43	260
24	250
167	265
29	258
198	267
94	257
45	267
149	256
199	265
181	252
14	269
161	250
98	260
180	264
197	257
167	269
80	259
188	258
75	268
4	266
4	250
194	267
44	251
60	267
158	257
155	261
105	256
8	269
196	256
49	265
110	250
85	251
91	255
135	267
184	269
162	253
170	262
126	269
58	262
140	251
164	268
186	255
33	253
15	261
47	262
169	254
196	262
33	253
89	261
117	258
129	262
9	252
196	268
109	253
19	268
100	266
77	259
15	253
110	253
19	257
183	250
116	264
106	254
86	253
86	262
55	253
175	265
194	261
133	264
189	250
50	250
184	261
131	260
89	269
183	264
14	254
19	267
175	262
145	262
121	260
167	261
120	269
140	252
44	264
165	265
120	259
107	268
16	255
41	252
157	268
188	267
104	251
69	267
55	258
144	269
83	253
11	254
154	264
180	265
141	250
48	263
107	264
72	259
95	259
142	252
124	253
156	250
109	259
200	267
53	265
170	264
106	267
62	253
146	256
11	254
156	261
190	264
192	265
90	254
133	266
192	250
146	267
59	253
22	266
146	253
65	255
95	264
84	266
150	265
161	266
191	263
133	267
188	256
91	267
162	269
56	261
16	256
187	260
122	251
117	256
64	269
48	267
11	265
84	256
169	260
109	263
47	259
15	259
14	257
81	266
189	252
44	267
2	254
12	252
171	250
104	264
147	262
137	256
96	253
21	266
192	250
174	255
53	264
28	255
46	252
142	262
55	261
26	261
53	252
43	254
35	260
134	268
81	269
1	251
128	262
174	260
47	267
90	268
62	259
114	266
155	253
138	254
175	262
22	265
178	252
55	264
6	262
59	251
156	252
61	251
56	257
155	260
138	261
63	267
177	265
11	269
39	262
62	250
83	259
141	264
142	250
130	268
135	251
134	261
23	251
150	256
9	267
129	268
117	255
149	261
87	254
182	262
8	262
117	269
71	261
21	257
166	269
55	256
190	269
178	269
109	254
28	253
168	252
83	265
6	260
77	256
39	264
1	250
17	257
58	254
86	260
126	267
68	258
170	253
57	263
178	254
70	255
142	253
75	265
141	257
171	266
126	254
73	256
183	250
152	263
178	256
62	269
87	265
64	250
73	255
196	268
146	254
105	259
40	252
8	253
140	265
140	255
50	250
92	263
63	264
165	262
146	268
118	254
99	250
15	269
168	259
140	250
24	259
114	265
35	257
188	268
44	265
79	264
51	264
199	255
131	255
57	267
96	261
196	256
161	257
121	265
63	269
53	262
42	253
109	263
115	256
48	260
13	265
113	261
8	267
68	257
9	253
114	257
162	253
152	255
175	253
74	264
24	250
129	260
125	256
71	269
108	250
152	252
125	253
96	264
149	264
178	266
87	257
190	262
69	267
96	266
86	256
47	256
74	268
49	264
149	257
61	250
92	260
156	266
140	267
36	265
176	269
88	257
3	253
44	263
165	257
186	265
78	254
150	258
139	257
82	267
46	267
181	269
62	269
27	251
125	253
165	258
45	258
166	252
173	267
122	263
118	250
63	263
15	261
120	264
57	262
39	264
161	258
180	261
39	269
107	258
119	264
63	254
183	257
166	255
173	251
193	267
44	266
148	257
139	261
69	267
18	257
77	252
60	251
118	267
34	265
30	254
52	269
26	259
171	261
61	252
173	266
33	254
101	252
181	257
13	257
87	253
73	267
152	251
184	263
71	259
60	267
87	268
115	259
96	258
67	252
115	253
13	258
160	251
123	264
8	265
111	267
81	253
79	267
121	251
159	264
94	268
196	260
42	260
180	251
122	267
176	269
17	266
142	254
18	255
112	258
28	250
68	258
78	253
99	253
96	263
149	253
30	253
98	255
199	253
67	260
94	260
83	262
55	266
191	266
12	253
170	262
78	264
168	253
169	250
56	257
50	259
63	269
169	265
164	260
116	252
62	251
104	256
124	261
147	260
12	255
194	264
92	254
177	260
95	257
107	252
31	268
65	251
13	255
155	263
144	268
171	267
90	250
177	256
111	265
117	267
153	264
194	258
1	263
119	262
118	253
154	268
11	252
40	259
20	256
152	268
5	252
179	259
130	258
138	258
108	267
27	252
196	261
8	250
36	259
107	250
143	260
179	255
94	264
44	264
169	259
46	251
42	268
60	259
86	253
135	265
57	263
151	256
133	253
30	257
88	267
51	262
1	258
2	260
135	261
114	263
16	256
111	250
43	260
147	261
105	254
12	269
53	252
8	258
199	260
140	252
193	263
104	269
199	251
196	255
47	263
117	255
48	255
114	258
97	264
160	266
147	258
129	251
66	254
33	261
155	261
33	258
163	257
57	266
105	268
130	268
155	257
44	261
183	256
78	267
63	257
19	255
3	250
39	254
122	263
115	258
18	260
10	268
79	261
173	260
198	256
66	254
190	262
172	266
131	267
89	259
79	262
109	255
165	265
4	254
123	252
168	268
43	260
9	250
26	265
87	266
162	268
111	268
143	269
60	265
200	255
156	269
123	267
195	263
142	259
170	256
124	253
162	259
153	254
88	259
81	251
139	268
26	267
7	252
166	259
8	255
150	268
123	261
29	264
191	267
33	253
189	268
59	259
200	265
24	259
163	268
151	257
170	265
163	264
183	255
120	264
156	255
103	259
24	263
151	256
174	255
143	256
91	257
117	250
48	263
12	251
193	255
61	266
158	261
128	254
51	251
175	258
40	262
96	258
98	253
69	264
48	267
55	260
7	254
163	265
114	265
138	265
9	259
91	259
113	262
159	260
152	250
62	253
195	265
91	261
45	261
160	268
65	255
145	251
138	265
18	257
72	254
116	250
7	261
165	253
17	258
114	261
155	262
173	257
8	251
27	258
134	250
4	262
183	266
153	257
181	261
182	258
147	256
40	253
73	269
86	262
14	264
70	268
102	264
109	257
19	269
132	269
168	263
51	262
90	268
2	265
199	263
8	264
36	261
108	261
176	265
28	268
49	256
165	262
106	250
82	269
79	262
72	264
90	259
130	259
65	268
68	263
140	255
130	266
91	263
9	263
198	265
69	251
164	263
90	253
97	266
166	253
150	265
167	267
42	264
16	269
94	264
97	265
18	269
136	268
148	262
154	257
19	256
183	269
32	252
37	256
23	257
196	253
159	268
38	267
77	263
40	257
38	255
174	262
124	261
94	267
1	258
155	259
53	264
72	262
154	269
91	259
91	266
117	258
100	262
120	252
115	259
152	262
47	265
144	261
106	266
128	264
135	254
157	268
32	260
61	256
96	253
74	265
70	251
186	254
191	269
16	266
157	251
32	267
26	255
78	260
89	250
41	268
100	261
21	260
39	259
29	260
182	250
36	253
32	261
22	259
75	265
103	262
142	269
57	257
153	268
194	260
46	267
193	263
143	259
156	261
196	257
3	262
34	257
5	267
155	253
106	257
71	254
189	262
57	259
111	255
41	264
27	255
20	266
24	259
85	266
195	257
195	260
190	252
161	263
176	252
168	263
131	250
83	261
19	260
95	268
47	269
156	255
44	265
197	258
28	268
48	262
136	253
84	252
66	252
3	263
158	251
45	256
2	261
147	264
34	257
69	258
1	265
84	254
117	260
29	251
184	269
35	250
112	252
102	267
118	265
20	254
66	267
156	263
87	251
40	266
174	267
65	264
154	262
45	256
40	265
2	267
25	250
157	267
34	267
164	256
25	257
33	254
63	256
62	259
116	256
128	262
134	267
158	258
146	267
59	258
99	252
65	269
165	263
115	257
62	250
193	268
102	259
15	269
162	254
164	255
132	256
74	266
77	253
168	252
136	250
162	253
88	255
94	267
76	260
121	254
145	269
108	258
183	251
133	263
58	263
198	266
91	259
190	259
180	259
70	256
119	264
73	256
182	252
22	253
112	255
85	262
195	254
57	269
161	263
35	255
34	269
183	266
113	258
36	269
51	261
56	253
83	251
107	269
53	251
3	263
183	250
36	250
126	260
99	264
175	265
196	259
95	254
17	253
181	269
81	254
178	267
38	260
27	252
145	259
42	259
42	253
81	267
4	260
129	263
144	259
50	254
105	269
170	268
126	255
91	257
200	265
39	254
17	261
22	262
45	252
173	264
60	257
58	264
149	253
6	255
132	267
178	262
107	251
148	266
160	258
54	263
31	265
57	265
86	254
121	253
111	258
28	268
22	255
45	260
137	267
154	267
74	256
66	269
95	261
181	256
141	267
144	260
176	256
7	257
88	253
124	255
9	259
61	258
105	255
135	256
170	255
192	258
129	250
113	257
48	259
18	264
57	262
199	251
54	252
73	267
135	266
194	253
132	265
168	259
123	254
101	254
61	269
43	264
143	251
55	261
26	262
9	269
114	250
173	255
8	257
153	251
156	268
112	254
13	266
109	264
195	251
175	266
170	252
69	258
35	253
51	268
5	251
140	262
27	254
134	253
55	264
17	259
114	251
197	256
198	263
174	260
72	255
73	263
172	269
50	251
27	254
19	256
175	268
133	267
174	268
114	266
90	267
112	265
64	260
64	267
153	269
101	254
105	252
69	254
95	269
15	261
133	259
25	252
74	257
188	254
186	261
10	252
140	265
20	254
61	258
39	260
37	250
50	260
71	261
122	268
190	268
125	264
91	262
120	269
182	267
175	269
2	262
135	250
65	250
162	258
121	254
21	265
113	253
15	261
40	267
48	257
67	260
2	252
147	259
29	263
165	269
81	253
157	250
18	252
116	257
159	253
31	256
194	253
18	262
97	264
102	255
150	253
67	253
114	254
92	261
87	258
158	263
104	268
137	256
52	254
133	264
33	269
8	263
192	256
74	255
26	251
137	268
88	262
93	263
4	265
145	257
29	267
113	269
194	264
171	257
197	255
2	269
67	254
5	258
110	268
60	264
122	267
36	251
7	265
90	265
170	258
88	255
25	258
186	263
47	251
80	266
127	265
158	263
110	255
79	265
165	264
20	250
120	259
175	260
114	266
170	257
1	261
51	257
169	257
180	255
155	261
175	266
35	252
136	258
134	252
191	268
12	259
137	251
39	255
135	257
99	264
193	260
154	260
144	269
17	264
34	261
92	268
2	262
79	253
176	267
39	267
74	250
105	258
42	260
96	268
77	265
12	268
192	253
188	264
147	267
174	268
165	265
63	262
141	264
83	261
77	261
114	253
135	268
110	258
185	255
80	254
160	257
190	262
56	259
46	262
38	256
133	256
57	265
94	254
51	254
90	260
97	264
138	266
21	250
168	253
46	256
169	260
19	264
29	268
55	256
182	255
181	266
160	253
105	264
82	265
168	258
156	264
112	256
137	250
24	260
6	267
5	251
199	251
79	265
12	258
18	269
149	264
164	263
34	263
103	264
83	260
55	261
8	261
15	257
195	256
143	260
102	265
58	264
183	253
136	250
182	256
164	253
25	250
74	250
36	261
187	269
58	264
192	267
138	261
168	267
107	258
194	253
98	258
177	264
79	266
172	263
69	253
179	254
96	255
44	254
183	257
23	269
69	252
32	251
157	256
111	252
85	262
166	267
58	265
132	252
12	259
30	268
64	257
141	260
189	253
25	254
117	267
51	254
118	265
89	263
194	268
109	255
116	251
36	251
187	265
155	252
139	251
135	268
45	265
106	256
54	254
30	259
45	264
173	264
48	262
94	252
143	266
162	257
166	266
23	252
190	254
56	254
171	258
70	261
52	259
128	264
190	253
15	265
124	255
96	257
79	259
184	260
170	266
51	256
42	257
102	257
85	262
185	252
138	262
191	262
10	267
143	264
134	261
12	260
98	266
121	269
10	269
155	255
57	252
47	255
92	259
160	259
67	261
55	258
15	251
105	257
109	252
95	269
186	260
118	258
190	268
187	266
55	259
155	258
4	266
63	254
164	251
10	255
19	256
3	268
184	257
191	253
25	261
115	255
195	253
125	250
36	252
157	263
144	253
34	260
83	265
53	266
15	261
46	258
77	259
104	269
154	261
169	258
195	263
148	265
187	261
6	269
73	265
163	262
61	259
140	267
131	258
73	261
163	256
155	263
39	268
143	254
136	250
125	263
148	253
32	267
50	263
52	269
178	256
195	257
43	268
166	261
107	268
178	253
195	256
75	253
32	256
25	257
53	265
182	256
71	253
29	251
62	252
52	259
155	259
141	267
21	265
45	256
86	268
179	268
127	254
7	253
23	261
46	261
16	250
24	252
43	250
199	257
74	253
133	260
73	252
80	250
114	260
103	253
117	266
43	266
4	263
74	267
178	258
2	261
40	250
65	250
104	268
32	261
142	258
39	259
52	269
21	268
174	251
48	259
116	254
149	263
162	264
27	259
83	262
164	262
12	251
71	264
183	254
121	252
8	251
71	260
105	268
96	265
180	263
25	256
18	265
193	253
131	259
9	264
197	256
83	254
112	269
37	264
74	261
99	269
29	268
67	252
19	257
197	265
80	259
106	254
180	264
134	265
194	256
164	260
173	255
66	258
83	254
103	255
59	262
9	251
165	263
39	265
101	266
71	264
89	252
43	264
29	265
7	259
192	269
94	262
15	268
85	251
144	257
129	255
184	264
135	258
3	269
57	267
158	266
59	253
27	268
61	259
161	268
168	265
180	269
169	269
94	256
147	264
167	258
117	256
185	254
84	254
42	255
183	254
138	252
84	263
118	262
107	264
95	261
2	255
134	261
90	251
9	254
105	254
90	266
85	258
61	262
108	259
25	261
57	256
20	252
99	253
34	256
146	266
69	254
77	251
108	263
95	258
100	250
129	253
189	256
182	259
102	256
88	263
118	262
131	256
146	257
171	251
184	262
110	250
92	250
142	264
40	269
19	264
11	269
19	254
195	260
71	254
163	254
159	265
144	254
153	266
16	261
23	251
62	252
94	258
46	266
186	257
8	259
7	262
104	266
173	265
64	254
139	262
189	251
188	255
64	268
100	255
119	266
29	260
42	250
200	261
34	255
139	267
138	258
68	258
119	260
198	263
196	255
180	252
189	262
105	268
107	266
167	260
23	266
49	269
18	252
39	265
178	258
24	264
157	251
89	263
87	253
181	266
103	263
109	258
65	257
79	258
152	262
198	257
115	263
126	268
101	269
77	252
75	256
164	265
5	250
92	267
96	261
4	253
131	267
139	258
82	253
148	253
161	253
172	265
185	262
20	268
160	255
28	257
93	250
32	252
85	264
146	263
101	255
106	264
25	255
1	257
199	261
96	265
57	268
137	252
68	257
5	265
21	262
107	258
122	266
154	268
175	252
124	257
184	250
104	269
148	253
16	257
37	269
182	257
60	269
193	259
126	258
106	253
106	259
123	265
174	264
65	260
180	267
114	260
75	268
54	263
154	262
18	252
111	257
117	256
65	269
131	264
191	263
191	259
128	252
27	257
36	269
111	261
143	255
79	263
105	263
172	266
104	267
124	263
103	269
95	257
74	262
114	253
151	259
113	263
37	257
109	267
164	257
104	252
97	252
165	261
25	254
194	259
35	268
159	267
185	258
69	263
79	254
11	254
185	259
97	263
12	251
46	261
41	253
19	267
175	250
63	264
68	253
197	261
179	254
127	261
197	256
79	257
191	264
184	259
55	256
187	250
106	252
200	257
169	262
157	266
163	267
14	264
58	256
61	257
32	265
132	260
69	256
34	256
25	261
122	267
41	255
130	258
139	260
160	256
128	266
141	254
109	262
75	258
177	259
188	258
75	262
151	254
102	261
136	252
128	255
126	256
130	266
123	250
43	250
145	267
67	259
171	259
181	253
23	265
175	256
66	263
140	251
56	250
86	254
159	252
60	268
40	256
51	255
197	261
56	261
48	250
63	253
129	262
167	266
118	261
36	268
84	250
30	266
85	268
80	254
181	254
131	252
40	253
167	265
67	267
163	260
135	253
114	250
131	268
40	259
110	263
85	250
199	266
188	264
166	264
37	262
157	256
176	250
67	269
10	252
14	267
195	260
189	262
194	252
131	265
157	263
102	255
156	269
53	268
17	256
89	259
75	261
153	258
189	266
110	259
69	263
29	258
169	250
110	265
150	260
173	263
120	257
54	265
2	263
136	266
47	256
124	258
8	255
18	267
6	255
145	255
26	259
6	261
82	252
160	261
55	265
96	262
80	257
149	255
160	267
5	267
155	256
101	259
117	259
117	266
34	261
113	262
49	262
180	257
159	257
61	266
5	268
87	266
96	259
200	253
60	264
147	256
34	251
122	268
177	268
110	268
33	260
160	267
123	250
21	258
142	267
144	255
173	261
81	257
139	267
106	251
191	259
96	267
113	261
143	257
133	254
174	256
149	265
119	263
44	251
169	266
37	267
142	261
105	263
21	259
148	254
168	269
113	263
200	252
122	263
188	252
22	268
90	267
194	263
47	251
50	250
30	268
105	258
40	260
74	266
155	267
141	266
43	259
117	252
34	265
117	268
26	253
152	250
164	263
177	269
6	254
116	258
18	256
111	251
171	265
79	262
194	253
164	257
157	262
143	264
68	257
143	263
92	257
123	255
9	264
87	266
100	250
85	259
39	268
13	259
165	259
92	259
109	269
106	256
163	261
137	253
184	256
157	256
59	253
107	255
173	269
123	259
158	250
61	253
38	252
107	258
142	262
164	262
194	266
148	254
52	250
68	267
37	265
196	265
57	266
171	255
17	259
176	263
71	268
43	258
187	263
25	264
163	253
171	253
160	264
73	263
111	254
189	253
76	259
193	260
151	265
49	266
42	267
162	259
176	268
14	257
129	262
172	252
125	260
14	261
93	258
24	250
132	268
147	254
8	269
51	256
58	259
173	253
69	254
1	259
86	259
81	251
62	269
26	258
109	262
74	261
56	263
107	251
75	253
153	256
113	266
158	266
121	257
144	252
69	266
48	256
182	258
57	259
89	262
78	269
177	266
104	268
145	269
48	269
172	257
185	254
9	263
158	269
133	266
60	254
35	260
179	268
142	252
104	259
1	265
29	254
18	256
188	263
186	253
102	261
94	262
61	256
72	263
168	268
4	267
88	268
118	255
116	264
129	268
21	255
121	259
32	268
46	261
135	262
96	268
7	267
154	262
142	253
96	253
52	267
89	264
93	256
200	264
13	262
21	252
175	254
195	256
186	250
148	256
131	251
82	261
191	264
169	253
101	255
14	261
130	262
155	267
108	268
125	254
88	257
100	265
97	260
135	260
81	254
78	259
43	265
93	257
29	250
169	263
135	251
62	259
159	250
6	251
66	264
176	252
100	254
188	252
114	259
3	255
190	263
108	261
160	252
128	262
149	259
159	255
25	255
192	255
142	265
155	268
169	262
4	253
85	265
24	267
41	265
59	255
116	267
122	256
4	263
186	260
189	266
127	261
50	257
143	261
3	257
145	263
117	268
6	257
134	269
106	255
112	257
49	256
84	266
165	257
172	262
67	264
3	266
100	260
151	257
152	256
103	264
122	268
182	254
153	265
27	266
172	265
177	252
144	263
84	259
38	257
41	253
33	264
117	267
60	261
143	267
123	265
12	257
55	250
131	258
68	264
114	261
137	261
132	253
134	251
67	261
149	256
115	258
104	251
36	264
99	268
177	255
43	252
122	260
12	255
7	254
158	262
43	268
72	269
10	251
67	259
187	254
4	255
28	269
13	269
200	257
32	257
51	257
43	269
123	268
76	250
147	259
187	256
148	269
48	252
118	265
141	263
98	258
160	267
193	259
13	253
191	262
50	251
177	251
122	257
117	256
126	253
63	256
106	252
75	261
10	253
24	253
43	260
94	257
18	265
101	267
126	250
190	254
40	263
192	259
105	268
190	250
49	264
165	268
134	256
65	251
120	256
198	262
142	269
105	251
73	261
73	257
48	268
82	263
134	263
18	252
62	254
28	259
20	250
134	252
84	255
86	252
137	262
95	250
126	267
143	255
9	264
58	269
102	266
13	260
127	251
178	260
176	260
190	262
20	258
151	267
139	259
14	263
52	257
95	262
100	262
190	267
46	252
87	255
42	250
197	252
128	258
157	266
55	262
21	250
8	260
170	250
87	254
65	261
176	258
92	266
119	255
150	250
140	258
170	254
106	260
172	261
81	264
16	251
100	251
28	259
146	268
44	261
193	252
75	269
70	256
130	260
183	264
36	251
26	250
45	263
118	253
106	254
111	266
54	255
121	261
93	264
68	252
101	268
129	258
34	258
130	264
90	255
76	256
16	255
117	250
184	257
45	254
154	263
146	255
119	269
200	262
144	264
4	267
164	255
154	263
64	264
28	258
29	251
61	265
110	254
52	262
37	252
195	256
64	251
169	269
174	252
13	259
78	263
150	254
36	267
142	268
54	259
186	251
168	256
14	267
131	251
92	261
134	260
76	264
36	263
130	258
107	250
187	254
121	267
93	267
15	265
58	265
138	262
120	262
128	264
21	251
76	254
167	255
37	252
93	253
24	257
103	251
195	260
124	255
57	254
80	259
75	253
88	267
30	259
20	263
21	269
14	250
179	258
173	259
140	252
107	253
94	268
103	250
18	264
61	251
88	260
144	253
91	256
18	262
3	259
185	258
183	254
67	252
194	266
119	250
117	265
37	253
34	251
135	265
16	261
192	268
160	261
71	269
112	268
62	257
120	269
107	260
166	251
130	266
148	258
126	266
23	262
110	254
6	250
112	260
110	251
25	252
127	250
26	259
88	260
139	256
120	262
9	260
172	263
29	264
130	265
70	259
46	261
169	269
52	257
12	256
159	258
8	259
174	265
22	263
42	265
1	253
141	253
24	251
144	252
96	253
136	266
85	259
104	256
22	257
57	264
84	250
72	259
185	269
83	258
48	259
102	269
14	268
110	268
35	269
102	251
68	254
163	254
103	255
98	255
49	262
147	256
114	267
177	265
120	260
151	255
32	263
168	267
185	264
170	262
158	251
131	266
27	258
153	263
57	258
11	253
54	253
151	258
130	266
26	256
59	258
164	252
70	252
42	268
40	252
162	260
72	258
19	254
186	253
187	264
125	259
60	262
165	269
105	266
163	265
64	268
143	258
10	268
98	256
5	260
152	260
157	269
11	251
143	254
134	256
131	260
27	252
92	258
195	257
11	253
55	258
136	267
81	262
152	266
9	267
34	259
119	250
38	262
193	260
10	259
125	250
124	251
175	262
38	254
37	265
40	250
123	268
54	257
60	259
147	262
30	263
89	250
195	256
129	267
108	266
40	255
22	262
130	265
66	267
13	261
122	263
191	258
62	252
11	250
113	260
10	252
142	268
26	267
164	268
79	254
50	269
10	261
81	269
124	267
132	250
62	252
121	252
196	261
111	268
36	263
133	256
39	253
151	264
182	258
73	262
193	261
102	255
134	262
200	252
142	262
36	266
167	251
101	257
76	266
58	269
116	253
143	266
82	257
13	262
195	261
7	254
13	268
173	251
10	256
5	267
173	258
19	256
92	265
123	263
152	269
102	259
151	252
7	256
53	267
5	262
79	255
119	263
149	269
80	269
197	258
190	251
101	250
98	257
84	269
100	254
95	266
162	256
174	266
198	263
106	260
144	260
153	269
106	268
160	263
84	267
62	258
110	263
101	260
110	259
26	265
97	267
35	264
36	260
6	263
15	262
49	264
64	252
12	261
140	268
87	252
71	260
62	253
25	258
84	252
15	262
32	251
87	257
120	264
11	267
175	261
46	261
16	263
134	269
155	254
47	266
36	262
193	257
86	256
182	261
188	256
35	251
104	260
154	257
118	265
123	265
75	264
87	258
187	262
33	261
59	254
131	255
4	253
149	260
36	258
164	251
123	257
61	258
26	254
144	262
78	254
64	255
181	263
105	267
153	254
170	253
104	268
56	263
165	268
117	250
74	267
78	261
168	267
90	266
118	254
171	253
33	262
147	263
109	263
56	262
137	263
158	260
149	253
174	258
1	252
142	254
102	261
194	254
8	269
128	265
33	261
169	250
157	259
110	269
131	250
149	252
64	257
134	259
156	267
102	265
80	256
172	264
101	254
40	258
36	253
136	262
13	259
94	250
172	266
179	267
139	269
162	261
78	263
131	266
67	268
151	268
93	262
139	258
124	262
137	263
92	250
28	250
180	268
182	266
7	259
175	267
52	265
11	251
114	269
104	264
128	251
4	269
132	254
94	258
126	259
196	251
57	264
116	268
97	253
45	260
99	268
77	261
85	265
160	267
112	269
196	267
64	260
44	264
19	261
192	251
58	250
155	267
101	251
6	257
159	268
33	268
153	253
27	259
58	254
93	253
91	256
65	260
105	255
134	252
93	254
131	253
200	261
70	250
170	260
149	251
47	254
30	262
148	254
194	263
160	265
26	253
65	255
55	251
59	253
44	257
39	254
28	258
154	258
58	260
136	266
38	264
31	258
110	251
195	254
81	252
162	262
72	267
12	268
16	261
42	266
130	253
168	269
161	258
75	251
85	259
191	262
48	256
115	256
41	266
40	260
86	269
78	266
62	266
95	256
177	268
48	251
60	253
150	265
150	255
165	259
9	263
85	254
143	260
39	262
38	254
21	259
110	256
81	265
4	264
129	256
70	265
177	260
197	263
195	251
192	257
6	267
71	261
27	251
17	261
131	265
167	256
78	267
17	265
60	269
5	251
99	268
100	258
109	255
21	263
86	269
146	255
151	261
34	251
23	269
90	260
6	264
195	266
5	254
145	269
41	251
31	265
133	267
168	265
30	255
14	268
56	263
68	254
159	251
173	269
75	264
161	254
115	255
99	260
162	261
63	264
40	251
130	253
117	257
142	254
8	257
183	263
126	257
195	257
87	262
120	257
21	256
99	256
147	261
12	268
23	260
185	265
183	250
89	268
166	257
179	269
15	251
41	253
81	257
179	261
21	263
151	263
32	267
194	264
78	263
33	252
190	260
24	261
68	262
159	267
142	260
101	253
6	255
37	266
103	261
173	264
69	267
130	258
154	251
152	264
73	263
78	265
49	256
104	258
173	254
12	251
22	252
11	269
42	260
28	253
54	269
164	259
198	256
96	263
102	251
142	262
33	264
181	261
69	260
123	250
123	258
165	260
121	259
168	254
66	251
15	263
5	260
159	256
119	264
105	262
104	252
96	266
198	265
52	266
169	269
155	267
2	251
40	259
155	258
112	267
128	265
115	254
20	255
19	267
29	254
125	254
197	250
52	252
196	269
75	253
116	262
118	255
115	261
81	261
166	256
30	251
58	264
194	252
184	265
142	253
193	256
171	255
168	256
153	257
144	265
165	250
185	254
76	261
199	260
123	268
86	262
183	258
197	257
143	258
90	264
1	266
188	268
98	265
150	254
94	252
197	256
71	260
66	251
6	255
89	253
3	262
159	267
176	254
166	267
5	258
165	263
126	260
186	264
43	260
65	256
21	250
150	260
128	256
20	269
199	269
30	267
29	254
9	262
79	257
93	266
158	254
52	258
138	266
93	268
116	264
118	268
74	264
84	251
60	261
82	255
128	268
38	269
97	266
157	264
2	255
91	265
139	266
46	250
37	253
137	253
137	252
140	255
187	265
74	257
37	264
123	266
153	259
112	262
52	254
194	268
115	267
181	261
122	257
170	265
133	252
108	261
32	255
185	261
134	254
129	262
171	253
155	254
80	255
102	256
109	254
198	263
121	256
65	264
50	262
110	265
31	265
40	255
70	254
172	262
26	269
3	256
79	264
82	253
172	250
14	253
114	257
200	253
177	259
155	265
10	260
194	255
68	265
155	268
155	251
177	251
60	262
35	250
78	256
114	261
11	253
179	267
66	267
109	264
67	252
48	254
64	259
27	267
196	251
46	263
169	251
180	268
114	265
58	258
42	258
20	267
3	254
63	261
75	264
75	252
24	265
46	266
126	255
169	256
115	256
116	256
158	252
58	253
192	269
142	254
106	252
34	253
139	251
130	256
184	254
112	264
2	259
140	261
88	264
66	251
61	255
68	264
178	251
29	262
127	260
200	267
16	269
12	268
8	261
154	259
35	259
165	255
196	255
26	259
2	258
35	267
39	263
39	258
182	260
144	256
124	255
33	256
137	261
38	253
50	262
185	257
179	258
29	257
18	257
187	260
108	262
93	263
105	252
192	258
163	251
35	266
155	264
36	263
103	266
82	255
73	269
155	263
46	269
119	266
118	252
15	260
110	260
39	259
104	262
149	263
144	256
106	264
14	254
141	264
119	256
105	258
7	267
148	255
163	260
89	265
53	259
185	259
105	264
185	254
56	261
81	251
19	262
175	268
3	262
25	255
119	266
15	266
115	263
109	252
14	256
98	256
11	268
86	256
164	268
137	267
183	251
47	258
44	268
175	263
91	253
155	266
167	256
77	262
55	261
7	265
161	265
134	255
186	253
88	264
154	269
30	261
4	261
180	252
176	260
89	266
99	257
88	262
108	267
162	266
186	267
48	260
6	257
178	257
194	259
74	269
26	252
4	264
60	255
124	259
67	261
151	264
158	260
25	264
75	252
64	265
130	257
136	264
10	250
26	256
150	250
11	262
134	255
140	256
105	264
124	268
103	263
88	251
200	254
7	263
39	266
46	252
180	267
190	254
157	251
157	263
190	264
180	267
18	250
37	260
137	255
162	268
96	258
10	254
103	251
169	250
17	265
52	254
162	253
103	253
70	267
53	254
39	269
44	257
32	258
50	265
86	258
144	261
20	264
160	256
97	269
38	258
120	268
165	259
141	253
155	250
177	250
164	260
36	252
178	258
21	256
164	259
143	267
141	250
11	266
105	255
200	253
83	264
59	261
108	254
184	257
77	266
126	267
134	266
8	262
47	258
50	263
129	265
151	252
72	263
198	251
178	261
124	252
114	260
98	252
5	262
166	254
163	265
54	255
61	266
188	250
23	252
185	261
45	268
37	253
46	267
1	263
177	258
18	251
138	267
59	269
186	269
35	254
33	269
98	252
26	258
187	261
67	264
115	268
187	256
92	263
148	268
68	259
104	254
63	255
52	252
170	257
41	251
115	252
46	257
164	269
52	264
22	266
52	268
36	265
88	258
115	268
75	253
68	263
161	257
126	254
198	256
177	252
133	251
70	251
160	254
143	253
132	258
181	262
138	254
177	267
75	259
189	261
26	255
128	250
195	266
50	254
159	261
88	266
145	262
113	257
50	259
175	261
89	258
149	255
196	258
179	256
45	260
120	258
41	251
131	264
190	266
4	258
16	263
182	269
96	263
63	260
65	258
167	261
104	256
179	252
88	263
123	260
99	251
119	255
184	256
49	260
12	266
79	259
39	256
61	250
192	259
60	269
44	252
155	250
77	269
115	267
184	257
9	260
24	257
141	255
184	269
138	268
2	258
140	255
45	269
155	264
131	268
117	267
179	254
126	250
52	254
61	253
147	260
81	256
21	261
64	257
122	258
178	265
23	255
114	256
197	263
70	261
65	266
136	261
126	265
77	253
81	251
108	251
149	260
11	265
93	262
127	254
170	255
165	251
149	255
145	259
47	258
198	267
2	269
164	258
168	268
135	264
149	266
102	251
152	263
123	259
69	266
14	250
176	253
50	269
12	266
188	254
48	259
166	267
65	263
106	250
28	269
123	266
134	265
68	257
33	260
73	269
89	254
187	266
105	251
130	251
196	266
56	267
93	255
140	266
196	262
80	260
133	259
173	263
36	251
81	256
155	251
176	254
138	265
74	252
122	259
89	267
82	255
117	252
123	250
179	267
113	262
29	258
124	251
196	257
40	259
189	250
197	259
187	260
21	252
100	258
134	253
91	265
138	264
42	268
173	259
40	266
120	252
182	253
20	268
191	266
34	250
184	255
25	265
126	253
1	256
173	262
178	251
117	268
67	259
199	262
73	265
27	252
159	262
161	261
32	251
21	265
181	257
26	267
23	269
158	268
77	252
20	264
55	260
160	263
197	260
107	251
1	263
98	258
118	253
141	250
25	258
17	259
140	262
113	269
60	260
122	257
116	251
168	266
19	259
60	268
130	252
126	258
78	251
18	250
187	265
62	253
28	258
53	269
127	259
3	268
124	264
108	266
33	260
183	263
116	257
3	251
32	257
5	265
22	263
159	266
66	256
86	266
1	267
60	260
43	259
190	267
189	262
87	250
26	252
149	263
173	264
54	269
177	258
85	256
49	250
159	255
20	254
106	251
44	266
186	253
37	258
120	259
146	255
187	260
55	253
10	253
31	264
152	255
144	252
137	266
20	262
19	269
187	251
109	262
64	267
20	264
126	259
66	267
178	265
22	253
172	266
148	269
36	252
150	268
59	251
69	268
42	257
61	250
131	263
182	261
81	266
53	250
67	269
54	261
180	250
72	269
108	269
20	251
178	257
106	268
86	264
63	269
120	257
130	250
52	258
174	252
197	256
195	250
73	268
26	259
41	262
110	262
96	263
43	264
73	251
22	259
178	266
181	258
55	268
46	252
43	259
4	266
8	267
139	250
180	254
71	250
163	265
80	255
161	266
128	262
10	260
39	255
65	252
6	264
196	262
109	258
191	266
20	268
62	255
182	267
72	268
93	259
41	265
26	263
47	268
66	258
27	265
73	266
98	256
141	255
40	266
53	261
139	253
13	269
177	269
83	265
146	269
131	268
85	261
70	269
196	256
159	261
60	262
109	260
147	255
157	269
81	258
44	259
92	269
70	264
200	266
187	255
29	260
137	267
99	261
41	265
187	259
108	254
123	253
141	259
143	252
190	257
110	266
143	262
70	257
89	257
21	255
185	254
152	264
191	266
200	263
152	253
11	261
148	262
148	253
161	269
70	260
186	251
167	252
198	256
17	258
135	265
39	262
131	257
165	253
181	256
199	263
130	260
2	260
27	258
74	259
4	268
12	252
200	254
139	260
8	254
156	261
53	252
67	255
112	268
8	258
116	250
25	268
191	268
25	269
49	262
185	260
34	261
44	267
143	255
14	251
117	256
198	260
124	269
103	268
157	261
30	265
106	256
196	250
75	254
100	262
151	260
93	255
88	263
179	259
177	255
176	265
75	251
195	268
176	252
138	255
7	259
154	256
180	266
151	269
115	259
90	250
43	268
182	259
67	265
160	254
166	268
160	261
135	260
51	250
145	255
17	257
132	266
103	255
159	262
20	261
174	250
25	253
188	263
91	269
173	263
103	260
169	255
47	266
12	253
71	267
81	258
158	253
193	259
63	260
178	269
51	267
19	261
92	250
41	259
54	256
6	254
194	261
190	263
120	254
83	262
178	253
14	269
109	258
160	268
4	260
57	257
84	251
148	251
59	257
129	267
88	266
99	259
31	256
172	260
160	263
38	268
158	252
55	261
164	258
78	254
49	251
127	263
79	264
74	265
160	269
191	257
28	259
112	266
18	261
48	269
198	256
190	261
176	251
163	266
24	261
81	266
95	250
95	259
89	267
45	250
27	268
157	254
19	261
71	263
8	262
35	252
115	255
23	258
126	257
151	265
109	264
62	264
77	259
175	250
85	264
31	264
70	253
186	268
49	255
62	251
200	260
182	252
91	252
196	260
41	266
144	263
123	268
184	266
91	266
53	267
31	260
146	256
110	265
150	257
140	258
168	250
80	261
168	253
108	251
199	268
149	251
94	255
65	263
48	268
162	262
110	257
13	263
130	254
55	256
169	251
184	265
62	257
15	268
147	264
96	268
53	257
176	254
134	254
93	268
108	250
63	252
97	266
8	267
75	253
42	251
193	262
32	258
46	265
101	259
48	255
137	265
65	266
109	251
192	261
35	266
139	253
181	260
57	259
114	250
3	268
7	267
39	260
30	259
145	253
50	255
118	267
113	261
32	250
195	256
45	265
154	255
150	257
43	253
94	252
24	263
99	254
124	264
76	253
10	266
46	250
141	262
124	261
9	254
94	252
5	265
36	264
157	253
153	260
77	253
197	264
149	258
182	253
84	253
158	253
124	256
87	259
9	251
196	258
59	262
34	259
132	259
27	256
62	261
174	253
37	251
111	259
197	254
41	261
27	257
9	263
131	255
102	268
91	251
124	255
148	254
36	264
156	258
11	264
108	253
124	266
66	252
61	264
194	264
5	263
121	251
56	256
140	251
106	268
120	257
111	256
64	265
88	256
45	269
175	265
118	254
113	254
22	257
123	264
165	258
181	253
197	251
120	254
193	269
43	250
68	256
163	262
197	254
31	264
13	256
1	262
113	257
12	252
41	259
45	252
51	261
123	258
29	264
140	250
104	259
170	254
141	263
137	268
87	267
65	266
24	250
37	258
173	252
76	251
160	253
122	251
92	259
166	250
64	250
167	264
149	258
103	257
24	256
43	261
27	250
105	260
155	256
94	266
151	255
4	267
183	262
113	255
48	254
3	256
6	259
195	254
198	268
105	254
170	263
188	253
114	260
180	259
196	253
117	269
35	262
58	260
1	260
19	261
75	258
113	262
47	260
44	257
109	251
27	252
149	269
170	264
145	266
87	255
108	265
88	260
161	251
26	257
162	268
102	257
51	258
39	253
144	257
98	253
162	252
99	261
42	250
131	268
171	250
98	268
131	258
187	251
75	269
41	262
88	261
155	252
149	257
118	269
158	261
84	260
148	251
172	260
82	252
49	264
95	263
109	253
140	255
1	266
46	258
45	267
146	261
29	265
65	252
56	252
30	255
115	263
106	250
9	259
147	254
89	254
125	251
44	261
50	266
184	258
30	257
105	252
165	252
2	269
93	266
161	253
15	264
167	258
111	256
22	255
110	256
198	263
70	260
112	260
74	256
171	251
83	256
179	268
7	258
1	252
47	254
16	268
159	260
17	255
112	260
68	259
27	253
150	264
94	258
105	263
30	257
127	252
18	265
132	264
184	256
75	267
39	266
12	258
38	267
26	252
20	268
87	267
183	257
49	252
115	267
156	257
93	255
168	255
126	265
200	263
128	261
115	267
103	259
123	254
134	260
177	265
44	253
193	257
186	255
71	262
52	250
139	264
9	265
14	268
133	259
109	257
109	267
31	260
74	258
137	261
67	252
155	251
81	254
14	268
112	260
60	265
132	261
123	259
145	269
99	250
16	260
40	252
7	259
169	257
105	252
132	263
77	267
84	253
151	254
84	265
97	266
183	257
34	258
79	262
197	250
134	262
61	250
42	258
125	254
184	261
51	264
6	251
157	257
112	251
88	257
87	254
181	266
16	254
91	262
26	264
148	265
111	255
182	252
101	258
65	257
165	257
87	264
54	260
32	265
45	255
74	252
141	253
6	254
102	263
143	264
42	250
74	259
170	252
79	268
55	251
41	268
4	254
191	261
198	263
192	253
29	268
31	257
142	256
152	255
138	265
32	269
111	257
200	269
102	251
52	257
158	253
52	254
19	268
59	250
63	262
173	252
89	266
54	259
159	257
139	258
31	264
157	256
33	263
6	261
110	269
65	260
99	263
99	268
26	254
91	254
106	254
89	263
113	256
102	261
67	260
68	255
187	256
73	253
169	258
184	267
21	258
58	254
66	262
53	262
62	252
9	261
198	267
11	254
82	264
135	261
44	260
111	266
67	266
137	265
52	261
43	256
145	259
106	264
61	265
178	263
157	256
133	256
47	258
3	252
159	259
102	263
108	258
63	263
174	269
14	258
36	264
170	258
182	269
39	265
67	250
95	257
154	251
110	264
78	259
198	255
22	257
176	262
112	267
128	251
109	255
26	259
1	257
131	261
185	268
99	265
64	263
3	266
182	262
85	259
163	266
135	268
50	253
45	256
180	268
168	258
63	267
149	269
105	259
30	251
165	266
53	261
95	250
151	255
181	253
128	253
198	252
135	264
155	252
49	252
1	260
195	266
164	268
66	257
188	260
114	257
157	251
160	250
180	259
150	269
69	261
110	254
132	250
136	253
69	253
166	250
169	265
115	256
77	250
65	256
27	256
34	260
123	260
179	269
84	262
148	251
167	263
26	268
43	256
176	257
75	253
53	264
173	251
123	261
50	255
194	251
37	263
144	269
116	256
33	264
130	261
49	256
74	261
173	265
71	256
118	262
198	257
128	269
39	264
145	268
8	252
54	264
24	264
64	259
88	255
123	259
71	265
175	252
182	261
172	250
192	265
38	265
33	254
115	254
21	263
135	257
105	268
55	253
190	268
84	259
150	268
90	268
197	265
196	266
53	268
46	261
46	263
52	258
33	256
25	262
141	264
14	254
119	252
114	269
186	253
18	258
81	260
27	262
107	260
86	254
41	254
143	253
20	261
3	261
43	262
200	252
178	260
70	261
96	262
5	259
16	251
115	265
86	258
144	269
124	262
155	260
162	260
114	260
173	250
185	264
83	252
193	264
113	258
198	258
52	257
161	256
188	261
13	261
12	267
75	268
160	255
108	255
18	258
134	267
13	257
129	261
186	260
113	257
19	269
194	263
118	268
120	256
117	267
146	253
197	265
50	262
29	266
168	264
166	265
183	254
129	264
35	264
79	252
11	266
196	254
101	265
136	268
31	254
185	259
198	257
191	266
97	260
20	253
45	255
146	266
163	267
66	269
51	255
120	256
112	260
171	266
1	254
107	251
199	267
34	260
13	257
106	265
114	261
105	253
155	258
146	269
84	254
56	262
6	258
82	268
111	256
130	264
61	258
90	267
88	269
128	257
152	260
33	259
176	267
10	255
88	265
129	251
77	251
193	255
191	267
185	269
105	269
17	265
24	255
143	259
171	259
151	260
94	268
96	254
99	257
129	256
128	257
2	264
81	260
66	262
190	251
185	265
183	251
68	269
155	250
130	261
30	264
64	266
98	261
164	255
54	266
88	267
20	252
42	254
158	255
33	265
163	267
105	252
64	253
4	260
35	259
157	268
105	261
6	260
107	257
12	253
30	253
166	261
192	264
164	252
76	260
151	262
175	258
24	266
183	254
76	261
6	261
77	267
95	250
47	251
104	268
128	254
142	250
155	266
20	265
45	267
130	250
156	264
180	251
103	258
29	254
148	269
60	264
36	251
9	263
192	269
121	266
172	259
1	259
79	261
151	267
95	268
17	262
86	251
50	252
80	256
134	251
45	255
189	255
64	262
67	267
38	268
92	255
90	268
121	250
160	263
70	257
80	262
164	258
168	259
59	251
198	267
111	264
139	268
176	250
131	257
46	266
69	250
161	264
69	264
183	268
31	255
118	252
196	250
102	253
138	251
11	265
190	251
140	262
193	250
39	255
38	261
84	253
17	258
42	266
147	250
149	266
8	254
164	259
185	254
88	265
22	266
27	256
117	252
105	258
51	267
124	250
165	262
129	261
63	256
16	265
78	264
26	254
197	258
120	262
116	262
186	253
166	264
169	260
48	262
185	263
175	254
54	257
70	252
41	266
88	266
200	264
33	261
73	266
66	260
113	254
198	268
188	258
116	251
129	262
199	264
89	253
43	260
114	253
133	254
137	266
179	261
42	261
165	264
69	262
61	264
101	251
57	262
189	250
138	261
155	269
114	261
144	256
185	255
104	269
58	253
199	255
182	250
86	269
20	253
26	260
68	254
147	255
59	264
17	261
7	260
34	255
102	254
34	262
73	252
27	254
15	254
116	255
104	263
171	259
192	265
146	250
132	254
132	258
79	263
100	258
27	260
126	266
121	263
186	267
65	261
35	262
39	262
191	258
168	266
94	254
34	255
41	256
22	250
129	257
124	262
1	250
114	265
40	258
111	266
10	250
194	261
26	250
78	269
87	264
114	251
114	257
19	266
190	260
46	260
16	266
6	264
184	250
123	260
172	267
180	258
185	264
10	267
80	251
89	264
27	257
155	252
106	259
151	260
55	254
116	265
154	259
64	269
46	250
24	265
80	255
39	257
194	269
69	267
161	260
184	252
50	256
179	252
171	257
19	256
41	256
69	250
94	255
135	251
189	255
136	258
121	259
85	252
119	268
77	263
57	265
31	252
102	254
2	256
92	269
112	250
112	266
26	266
159	252
176	264
144	268
198	256
130	260
138	263
71	253
75	256
174	256
96	269
194	264
72	252
37	265
175	250
51	258
10	256
52	259
138	268
150	254
105	265
149	263
23	255
83	251
87	258
183	268
144	258
199	267
21	263
120	269
22	261
175	266
17	254
130	261
87	264
176	252
79	255
14	256
6	268
46	257
5	266
108	260
184	266
101	265
71	266
5	263
192	265
94	261
123	257
124	261
174	255
198	254
104	261
181	264
78	264
94	253
134	264
76	250
66	252
98	263
85	254
162	257
62	268
127	250
57	252
106	257
60	268
123	264
197	265
12	252
88	266
45	269
179	250
109	261
131	253
151	251
70	262
174	265
3	259
165	265
12	266
105	250
189	263
166	266
145	268
101	250
134	252
91	253
90	265
164	266
103	255
184	256
134	259
96	264
192	253
180	269
116	252
184	253
104	266
71	255
76	263
62	252
187	268
128	265
150	268
35	267
41	250
133	252
83	266
57	256
71	259
193	255
143	255
151	252
26	250
192	257
89	253
155	265
187	250
151	252
115	259
89	269
132	259
48	264
81	258
119	264
57	269
81	266
79	253
132	260
73	260
14	266
137	261
172	260
169	268
87	251
7	265
63	267
143	255
44	267
149	251
184	262
100	264
45	258
142	263
188	253
132	256
130	251
149	253
162	268
50	256
88	260
155	268
112	269
110	257
97	260
120	251
148	257
95	265
119	252
45	257
186	266
180	253
65	254
11	258
21	267
66	269
60	250
84	263
95	260
97	265
101	259
40	256
111	251
140	255
132	251
110	259
116	268
60	259
153	259
196	262
116	265
55	260
61	260
58	259
125	266
180	263
161	254
27	256
29	257
44	255
126	260
39	267
62	264
99	255
59	259
38	260
169	254
189	267
132	263
67	262
160	253
103	264
148	255
168	259
24	266
91	259
14	267
123	266
20	260
182	269
159	258
67	256
193	267
164	265
184	255
72	252
50	263
173	263
96	261
74	263
141	253
45	259
93	261
116	256
164	256
72	266
160	250
179	268
63	260
28	258
141	265
96	269
27	259
6	252
55	256
87	257
149	259
13	251
9	261
141	253
170	256
186	269
179	267
72	258
159	263
73	261
125	254
159	266
51	250
123	260
191	264
128	256
4	262
151	251
167	261
66	251
182	261
14	263
67	266
118	264
39	266
162	264
92	258
75	262
6	269
200	263
133	257
5	255
153	251
27	265
197	253
113	252
33	260
191	262
183	258
96	266
175	261
119	263
120	256
92	263
138	251
163	255
177	264
163	257
87	266
30	264
62	256
125	259
110	257
22	267
22	251
169	258
134	263
162	256
151	265
179	254
157	251
137	260
135	262
88	251
153	264
28	257
27	258
83	252
76	252
49	257
87	258
111	254
5	257
186	260
173	256
171	257
172	263
41	258
32	259
161	255
8	267
78	258
65	268
74	254
39	254
80	265
15	268
187	267
87	252
100	262
62	254
157	263
94	263
34	250
62	257
163	260
124	259
186	251
124	266
100	259
171	259
53	254
154	261
78	263
18	255
10	262
66	253
122	255
73	254
17	250
184	259
23	268
148	263
116	262
39	256
151	262
176	268
164	259
188	255
66	250
152	258
55	254
147	262
39	253
195	267
175	260
173	268
29	262
103	268
53	262
94	256
118	264
7	255
38	267
10	264
55	263
198	262
89	262
164	250
7	266
26	253
177	252
122	260
73	253
51	261
105	262
34	261
157	266
40	259
151	253
47	261
53	266
95	269
19	269
116	261
44	263
4	252
22	256
188	255
161	264
194	255
71	267
131	250
107	267
89	257
98	256
39	263
101	261
149	261
185	264
22	269
128	263
87	254
135	268
198	262
163	266
33	257
45	265
91	254
157	251
76	267
121	251
61	264
50	264
10	264
200	259
69	266
86	250
40	261
117	250
96	252
16	251
176	267
79	267
23	251
159	267
149	255
79	267
199	269
187	264
104	251
31	268
190	264
136	255
188	260
140	250
40	261
181	255
191	250
88	267
46	252
194	251
54	264
68	251
75	261
120	268
117	258
135	254
107	256
78	258
2	252
193	267
158	255
141	266
113	252
15	252
158	258
191	259
151	253
97	260
22	262
98	268
125	259
41	256
19	262
134	265
148	251
182	266
147	251
158	257
2	256
37	256
141	257
188	255
84	254
4	268
111	268
196	259
175	250
189	269
135	266
40	260
176	251
75	250
120	263
76	260
151	252
26	251
131	259
54	250
98	263
36	254
23	267
140	258
115	256
11	259
69	251
186	264
71	251
100	265
108	253
173	252
137	264
59	258
26	253
47	250
12	267
65	257
178	257
185	266
82	263
67	250
70	264
6	264
40	250
191	265
11	256
65	256
133	265
174	251
150	253
38	257
35	262
60	253
106	254
47	260
23	255
29	257
115	263
21	266
160	266
87	262
199	253
59	261
62	255
187	267
166	253
172	269
36	253
15	262
75	266
76	268
86	258
117	258
44	268
129	263
72	259
76	266
157	262
157	253
2	251
141	268
41	258
182	255
61	262
115	252
168	267
88	265
46	265
180	253
151	264
142	264
121	262
195	263
192	259
109	259
46	252
27	262
52	265
161	258
104	259
160	259
2	260
43	262
189	250
36	254
17	260
186	255
155	268
76	263
179	260
116	254
5	256
135	251
57	251
172	265
128	255
37	260
109	263
172	251
43	266
52	252
200	255
130	251
166	256
43	252
163	255
183	254
168	260
67	262
200	261
119	257
128	266
44	264
159	263
156	265
156	264
180	250
175	259
87	252
184	253
59	266
8	255
125	251
104	264
197	268
81	265
57	254
56	259
60	250
36	268
154	252
134	265
42	268
117	263
150	264
23	258
124	256
97	258
16	257
122	262
179	265
162	256
162	250
184	262
165	256
161	255
83	264
117	269
65	266
142	265
181	264
72	262
119	251
85	269
96	250
177	253
108	269
34	259
147	267
129	260
117	262
69	252
143	263
111	254
63	253
195	258
58	252
141	260
108	252
94	251
121	266
25	269
128	257
129	259
124	268
120	259
71	267
36	250
199	259
174	256
76	263
185	264
160	265
155	263
81	266
169	261
170	257
29	251
94	255
82	259
125	250
112	266
153	267
149	263
6	266
42	261
50	258
175	269
109	261
96	256
152	269
174	264
96	252
20	263
78	255
143	257
62	254
164	269
78	262
36	266
90	269
12	252
176	267
19	251
165	261
200	262
8	254
145	262
29	264
196	269
132	264
41	252
150	252
49	262
26	257
40	266
75	254
76	250
68	262
48	261
61	262
198	255
4	258
87	262
131	263
86	268
96	256
96	260
164	255
129	258
165	268
44	267
62	259
100	256
5	251
13	264
97	252
12	262
110	263
27	268
199	254
150	263
58	252
183	261
165	257
72	266
17	267
143	255
55	257
54	255
13	256
65	268
81	251
97	258
109	254
114	266
117	254
42	267
63	260
142	267
55	257
19	265
88	259
176	253
44	261
98	254
195	264
200	257
118	258
37	254
44	269
168	260
159	266
108	261
72	263
43	261
2	266
8	263
133	261
94	252
128	251
110	254
124	250
140	250
53	260
188	256
116	265
79	268
145	266
153	255
174	255
98	253
100	260
36	253
83	263
191	261
98	268
67	256
69	257
77	260
159	268
171	252
29	261
62	254
43	263
37	268
43	254
25	252
89	262
185	263
14	260
176	261
61	258
80	267
87	255
57	269
83	260
18	258
186	254
151	266
20	258
138	262
50	267
57	250
116	260
185	267
172	264
96	254
122	252
71	252
151	265
18	251
29	263
164	254
143	269
154	263
150	255
58	254
19	259
9	262
156	258
38	259
43	266
120	262
110	256
108	251
140	253
78	262
5	268
94	257
95	267
51	259
163	250
176	258
40	261
187	262
74	252
82	252
73	252
153	264
157	251
185	264
71	259
75	253
114	261
31	253
36	266
45	266
50	267
58	251
129	254
155	254
142	262
115	253
45	265
118	250
127	264
53	255
183	262
149	263
90	250
87	258
143	259
61	264
117	266
110	259
132	268
144	257
6	261
159	264
99	265
81	263
95	259
101	267
72	263
187	269
93	264
51	255
33	260
97	250
88	262
89	254
92	268
113	267
100	260
84	265
2	259
23	267
70	264
91	257
78	258
103	250
148	251
38	254
56	258
26	268
56	265
55	255
53	251
70	268
113	263
71	269
72	257
70	259
182	267
135	260
116	268
184	260
37	265
180	254
42	251
42	261
91	250
180	250
122	260
26	250
103	265
137	255
150	266
160	262
103	252
128	256
163	265
71	267
38	256
168	268
99	251
163	250
89	262
5	269
180	251
10	265
67	254
99	256
24	261
180	253
129	250
32	263
190	253
198	256
117	269
52	265
60	265
183	261
77	268
142	257
36	254
136	257
153	262
199	251
95	268
129	262
107	260
2	253
151	259
84	257
170	258
79	260
177	251
68	251
167	258
37	254
44	252
109	269
125	254
164	255
