132	269
80	285
224	343
249	329
480	315
135	276
232	333
498	295
251	291
36	347
394	343
437	276
97	317
239	288
426	262
370	324
269	280
1	339
480	263
125	279
275	307
159	318
62	285
345	291
85	302
241	319
233	281
209	251
265	289
24	310
319	267
477	342
102	268
197	291
488	303
368	332
373	267
482	303
166	270
403	250
60	328
138	299
402	255
472	333
422	278
440	310
402	341
9	329
458	280
307	268
96	349
296	287
444	344
427	277
209	314
9	286
314	250
307	337
442	270
290	263
322	329
325	260
489	263
213	257
10	278
489	342
251	254
157	280
153	328
215	271
217	349
230	270
479	274
77	292
117	281
488	291
69	348
100	251
81	329
349	299
480	288
291	295
153	349
202	265
272	329
238	303
137	258
349	345
204	339
211	269
385	277
42	329
37	349
353	257
246	251
494	303
477	269
142	313
40	281
380	324
419	279
460	298
31	342
461	265
294	349
212	265
492	278
81	312
427	316
58	317
117	293
447	297
446	313
475	304
99	272
165	298
415	261
447	337
387	314
207	260
479	339
253	255
197	257
33	301
431	291
409	250
23	323
278	308
250	264
470	336
495	309
499	345
277	259
12	334
63	318
127	322
309	349
238	296
114	293
375	298
40	296
283	286
241	296
492	321
380	266
425	307
34	257
368	323
326	340
497	328
349	273
139	319
170	343
481	250
186	344
27	291
464	266
335	330
373	261
320	250
278	334
248	337
445	292
500	296
423	250
167	310
159	340
142	337
427	338
17	346
279	348
353	329
183	321
201	347
347	290
136	341
299	349
80	284
289	270
185	267
333	252
244	271
342	316
246	341
194	261
27	256
407	347
307	312
120	250
345	270
46	334
500	300
289	285
36	282
491	305
225	339
214	270
49	272
128	252
124	263
224	339
404	299
73	334
183	311
440	331
19	340
61	306
322	341
289	347
79	318
3	292
6	291
221	269
285	347
189	297
497	320
431	303
428	272
246	335
8	317
478	271
352	263
67	284
154	265
369	250
9	313
81	333
197	290
252	261
435	322
328	269
229	347
29	325
77	301
450	300
47	308
283	266
61	299
326	345
108	260
81	314
90	344
202	310
70	324
304	329
288	267
298	341
64	265
304	276
457	326
493	334
443	345
297	300
295	269
314	318
396	327
42	282
286	288
89	263
449	256
461	283
90	264
238	269
475	270
2	311
362	300
308	344
471	291
150	254
90	292
475	269
497	332
135	270
137	284
376	308
286	312
8	335
318	310
239	328
146	342
354	274
452	323
425	314
430	256
88	346
467	348
97	300
451	282
346	339
254	328
390	273
354	280
164	303
86	338
37	285
73	289
213	340
63	290
68	304
149	269
20	302
137	260
314	290
270	328
212	288
432	288
59	258
70	252
447	341
166	264
322	289
297	309
324	266
141	279
377	278
123	273
196	340
346	307
236	340
484	286
411	280
401	250
446	326
448	275
159	287
140	263
184	293
253	279
218	280
292	349
253	348
274	341
499	289
332	258
197	263
306	294
456	285
195	278
406	310
166	337
500	346
177	266
175	294
254	266
229	287
473	269
329	256
337	325
378	328
420	336
138	284
424	287
38	254
143	313
374	256
265	272
303	288
434	282
497	303
93	270
138	308
293	278
67	267
367	326
390	254
229	299
104	274
416	295
471	313
492	284
269	281
476	294
394	280
79	346
322	341
270	286
441	331
447	260
478	296
379	285
379	267
16	253
377	306
294	274
278	288
150	256
32	263
161	255
84	337
446	295
228	252
349	292
240	305
273	348
470	260
103	310
273	289
135	289
222	333
168	253
397	349
56	289
281	349
390	325
276	299
309	262
264	252
434	263
263	340
436	256
316	250
373	313
11	305
129	340
270	299
40	313
8	282
175	339
95	299
140	303
204	336
281	304
141	292
278	311
9	347
231	333
257	332
138	285
88	327
440	272
18	264
217	288
492	287
118	267
426	342
113	348
295	274
344	346
50	257
6	347
11	295
18	339
213	270
93	292
232	282
249	288
456	265
358	289
11	296
384	286
129	265
188	335
154	348
495	255
95	281
472	273
233	293
281	255
139	278
442	290
206	334
441	269
322	294
133	259
209	326
233	324
124	328
492	339
178	282
26	341
364	291
240	290
87	304
305	308
490	295
284	275
225	316
191	332
476	305
23	346
51	344
180	320
177	295
97	343
292	286
424	275
117	275
184	343
76	276
487	325
319	279
121	250
13	301
176	318
405	345
228	306
271	266
113	338
308	305
345	270
311	294
394	343
98	278
219	282
62	299
268	318
500	342
497	321
472	290
419	299
348	310
216	329
457	280
38	310
329	251
294	339
425	305
13	314
481	317
154	348
158	295
187	282
70	289
252	318
484	331
246	318
52	326
385	289
254	291
449	303
498	295
291	251
313	270
7	342
430	328
173	294
250	320
68	326
204	300
413	338
336	252
380	344
147	253
355	323
195	293
325	309
305	309
170	292
380	291
146	287
289	331
438	314
135	305
321	332
311	325
202	316
265	334
148	263
147	319
385	328
160	266
244	264
382	332
75	271
118	348
277	264
402	324
318	318
290	309
382	326
252	315
173	321
138	296
327	288
82	276
416	293
450	296
134	291
34	258
406	271
91	254
470	314
47	306
241	309
271	307
261	292
190	263
467	274
247	314
100	291
246	277
237	345
499	325
137	264
397	251
397	338
50	331
295	306
3	314
176	308
222	299
233	293
59	287
205	296
236	258
150	266
76	286
272	328
201	317
109	300
226	281
305	284
169	316
225	257
242	294
236	283
25	341
138	330
160	323
492	274
147	261
369	316
156	307
4	304
367	261
235	279
301	284
241	320
405	284
158	283
240	298
406	320
65	308
318	321
384	254
54	258
99	306
202	262
342	340
10	279
303	287
276	282
458	252
114	317
487	305
73	267
422	296
400	308
122	274
170	304
55	260
500	285
84	343
104	277
16	264
133	254
21	318
438	261
255	344
204	285
25	320
300	265
221	325
135	254
394	324
333	267
406	289
206	314
392	329
131	251
462	341
268	300
63	336
367	330
247	323
359	281
252	343
426	321
274	254
339	321
134	289
491	303
171	260
324	308
160	294
156	272
371	345
283	263
460	282
269	280
401	321
320	343
379	292
318	321
232	279
280	293
423	302
306	289
307	286
421	321
49	330
203	341
466	322
57	288
316	277
154	325
127	320
168	345
87	337
273	262
202	342
117	261
58	283
477	289
342	324
234	318
37	307
413	302
255	271
151	268
4	269
203	264
439	270
395	283
137	282
299	255
313	272
382	343
77	349
420	287
344	252
59	326
351	314
133	310
408	346
93	325
7	303
269	275
235	324
103	281
108	268
8	341
404	256
82	314
394	348
77	337
19	263
262	299
12	322
127	311
263	289
302	307
367	319
491	335
207	302
328	321
256	297
151	348
340	331
430	276
74	318
347	345
432	298
408	313
8	280
415	253
448	286
123	318
267	274
41	257
377	274
484	304
3	288
260	257
451	303
197	347
221	270
141	274
350	287
31	288
99	321
238	325
136	250
497	266
240	285
493	258
255	275
442	331
49	253
431	304
99	293
192	271
2	298
70	270
219	330
11	334
234	311
145	314
424	324
253	341
493	306
318	254
119	345
221	311
108	301
219	299
366	298
366	259
281	313
245	321
255	294
88	318
107	312
206	295
332	312
22	316
369	322
3	274
428	285
315	294
270	268
170	281
369	293
41	251
396	303
215	333
168	339
497	260
325	268
353	337
435	337
279	272
422	268
297	302
355	349
139	325
487	264
465	284
200	345
263	309
49	315
21	336
5	266
227	253
215	326
339	339
111	320
12	252
129	280
79	346
443	255
103	333
188	255
203	340
494	257
284	326
320	265
379	311
128	292
406	311
240	274
331	295
421	289
11	337
214	265
352	326
390	321
309	332
10	267
297	300
112	336
161	267
317	274
487	349
302	251
316	334
54	306
119	276
108	305
285	342
108	296
368	295
462	327
372	257
167	311
1	282
466	289
490	333
440	324
456	326
422	320
21	306
175	311
459	341
232	322
104	349
27	335
364	280
19	307
373	322
431	334
60	345
447	337
258	250
273	344
371	308
355	265
131	315
282	293
32	274
414	268
165	256
180	279
439	346
179	253
424	300
245	304
490	288
1	264
320	280
105	317
467	285
415	315
190	297
144	306
35	343
218	348
385	250
96	334
45	291
100	260
374	333
464	306
473	270
312	280
6	263
72	319
443	318
458	270
180	308
164	324
395	286
151	276
314	315
84	307
107	263
390	284
126	263
209	272
387	262
120	319
351	279
424	271
387	323
101	314
162	314
57	326
104	324
296	334
182	251
311	331
269	298
138	329
87	289
364	334
457	318
157	255
442	339
422	329
341	278
70	274
31	320
149	317
185	294
56	349
58	331
7	312
263	292
76	262
238	252
177	304
27	271
220	344
407	296
348	290
475	344
173	291
407	304
298	264
281	308
37	300
150	272
296	298
402	291
360	347
339	339
4	271
466	261
352	296
10	283
157	329
400	327
393	320
142	296
448	263
366	345
51	252
215	341
155	277
202	305
479	310
242	321
171	337
188	281
162	267
387	282
240	252
98	256
109	253
453	268
301	332
86	255
239	305
104	281
487	299
125	255
292	324
346	302
455	261
310	349
264	278
395	308
319	288
480	283
446	272
187	258
114	321
220	298
328	285
425	258
335	320
449	335
182	323
167	312
202	346
421	307
341	255
94	323
463	292
65	319
244	322
204	310
130	254
268	303
6	339
339	340
207	279
266	308
343	338
37	304
60	331
488	344
336	303
349	278
232	283
293	282
151	310
387	348
119	299
169	257
425	275
474	301
34	289
93	320
185	259
422	296
342	331
378	344
267	295
60	273
448	299
451	281
350	332
277	269
59	252
134	311
329	313
467	341
249	262
127	343
374	323
379	320
14	280
12	261
166	292
17	349
84	285
233	319
402	320
335	265
431	256
111	319
303	266
129	343
495	251
107	341
484	328
120	313
305	313
140	314
145	289
377	299
283	301
424	321
216	319
325	265
146	339
376	297
158	349
239	346
452	331
312	266
284	264
213	315
445	270
240	313
84	277
269	310
1	255
203	290
150	284
327	308
93	282
242	309
425	308
458	349
296	283
181	268
148	283
407	311
25	320
46	304
450	344
23	321
280	262
78	287
225	308
368	338
314	309
402	280
487	275
375	333
277	327
56	342
84	282
75	283
487	317
199	346
231	289
25	320
131	329
442	332
478	270
187	319
302	298
387	326
333	250
166	317
427	262
52	293
400	315
292	292
234	278
20	307
8	265
193	251
61	266
257	338
430	308
117	287
427	329
161	320
429	308
393	330
388	339
52	330
478	330
28	290
364	284
416	285
136	250
84	255
214	315
357	262
181	323
98	316
486	341
328	276
228	329
417	317
371	257
326	278
193	335
474	347
38	307
399	262
70	339
123	334
135	313
385	287
134	299
308	315
372	328
474	260
292	253
438	261
231	287
278	326
437	280
488	312
462	266
245	270
295	263
455	341
169	276
347	322
341	256
428	344
382	254
130	322
47	262
164	336
178	317
312	290
288	273
168	297
500	303
262	296
396	333
423	291
473	306
294	337
471	325
25	264
133	289
359	263
161	287
104	284
107	323
329	305
282	315
53	279
412	286
198	300
248	306
178	302
165	328
132	314
409	343
61	305
116	280
471	316
43	336
480	313
48	267
347	345
333	264
438	337
213	336
259	265
328	281
402	257
88	345
51	326
477	283
31	260
369	338
362	258
474	252
272	330
255	315
242	259
257	320
331	311
165	283
267	270
158	316
162	295
204	326
83	344
280	303
221	307
278	253
472	346
358	296
382	284
404	290
124	346
440	339
20	277
381	338
434	291
369	274
395	322
113	313
286	264
175	316
95	252
497	336
383	277
100	348
428	348
429	338
325	340
113	271
271	263
71	302
260	318
391	287
4	254
195	256
48	263
372	297
303	300
3	284
21	272
108	342
160	319
474	328
22	328
266	319
153	277
396	292
61	308
266	253
94	274
379	272
23	277
150	301
320	252
265	269
5	293
420	319
499	343
476	269
483	296
180	329
484	264
460	289
122	257
90	255
322	327
36	326
183	306
207	318
201	320
48	255
103	271
456	312
208	267
368	262
433	293
86	301
406	292
417	324
467	298
79	299
376	334
495	348
5	344
127	342
472	277
333	338
324	270
399	348
178	316
412	270
52	321
449	326
79	257
214	275
267	324
257	290
82	324
189	257
276	333
483	276
135	325
369	310
130	273
192	279
349	292
155	313
91	255
377	250
8	314
447	296
361	335
269	320
129	304
422	327
24	341
50	256
308	289
349	251
273	292
171	343
249	305
4	289
119	284
151	259
486	339
352	272
407	314
327	289
426	347
261	270
78	269
158	297
481	339
202	344
264	305
312	339
164	319
441	323
396	277
390	292
173	308
413	293
161	322
269	348
81	304
56	342
247	279
159	271
403	335
28	315
453	313
113	334
423	329
345	339
359	278
330	279
287	305
102	260
375	324
252	265
2	341
80	282
130	348
26	306
95	294
138	296
251	330
93	299
321	267
451	254
249	317
235	302
432	256
241	313
325	335
66	324
129	309
300	266
47	347
71	311
480	288
233	320
462	292
424	257
158	323
432	299
354	258
428	284
42	285
484	281
460	294
73	337
288	327
271	295
94	349
294	323
146	265
202	335
247	290
176	272
403	298
102	271
376	262
453	297
456	297
437	262
179	263
276	292
167	297
150	300
328	251
353	286
234	289
48	339
218	336
203	349
490	282
248	298
428	282
357	305
117	285
386	327
230	347
2	320
424	346
342	282
75	338
161	349
443	316
434	255
144	343
139	267
233	252
85	340
155	274
98	323
390	265
165	343
240	346
225	289
412	285
267	265
357	255
105	289
168	286
360	312
295	339
28	336
366	301
336	308
474	349
81	303
15	331
140	332
361	326
499	320
37	301
253	285
455	313
397	263
260	341
461	265
402	305
78	276
208	289
439	312
448	328
313	349
177	336
322	343
51	319
27	333
235	269
56	295
88	321
37	280
412	274
434	337
245	327
35	326
462	317
377	334
278	343
191	253
203	305
104	261
468	343
350	317
74	293
499	301
219	337
419	305
167	298
83	278
371	293
187	269
122	331
134	320
425	251
408	257
387	262
122	329
4	252
160	318
487	267
246	321
492	251
45	279
57	338
496	263
427	292
491	297
21	346
273	305
352	274
487	340
436	290
240	304
430	309
244	264
123	266
188	271
283	285
373	273
358	256
344	303
127	262
329	282
495	301
146	262
396	269
441	330
45	313
166	334
173	287
44	302
329	260
468	271
386	327
291	258
481	292
305	283
338	338
379	291
176	329
220	266
260	316
54	345
92	306
187	262
218	286
353	271
249	348
118	278
320	281
208	309
478	335
115	333
295	348
124	308
405	264
35	299
136	339
293	348
462	322
29	252
135	285
124	296
59	329
332	251
260	251
280	328
180	320
237	316
439	317
472	300
279	266
286	266
445	346
339	340
494	255
346	342
226	316
412	302
315	285
355	329
94	340
255	293
453	344
168	341
378	308
18	289
311	269
26	342
214	297
247	272
57	320
330	324
305	260
440	260
439	300
5	344
106	286
441	334
90	316
357	306
481	276
412	263
228	262
495	349
60	292
231	277
244	259
452	344
97	271
290	257
315	291
312	251
282	310
306	332
314	322
258	264
86	260
367	305
383	288
82	343
322	294
68	339
194	279
317	332
263	324
213	287
26	281
289	294
244	299
199	344
421	325
3	311
339	291
287	250
299	267
399	346
294	266
137	276
44	302
157	255
51	290
76	271
200	281
326	280
305	309
194	251
32	281
200	300
162	326
14	265
333	255
489	285
103	340
77	253
499	255
440	290
76	328
420	299
497	306
203	300
153	295
62	337
483	286
360	288
334	312
212	255
469	313
158	267
200	308
65	319
31	270
106	335
215	317
153	300
206	315
238	252
156	268
367	284
337	345
445	294
213	268
365	297
237	311
428	275
479	340
233	272
199	323
432	331
136	298
368	334
480	273
54	307
296	268
189	298
15	268
41	292
66	300
405	291
249	257
119	288
24	326
195	341
100	289
14	315
448	348
277	313
184	340
470	292
227	273
469	262
56	290
161	329
37	333
467	342
370	343
55	330
477	341
210	303
442	324
385	301
478	280
281	341
380	286
21	296
453	329
478	306
9	314
164	261
237	273
265	272
7	325
394	342
33	338
463	316
238	273
246	279
171	264
155	283
425	327
101	308
139	303
417	308
434	285
309	321
452	292
92	341
29	322
82	275
61	267
475	288
131	301
331	348
116	279
369	263
207	293
231	273
42	259
136	323
45	281
427	307
485	341
451	311
302	345
436	314
345	311
136	254
343	255
394	261
197	279
23	277
492	313
450	278
68	270
480	326
464	335
222	303
119	281
307	325
363	346
350	325
457	261
365	299
247	341
319	313
368	300
413	337
407	331
337	261
454	341
261	290
113	279
193	310
207	349
461	309
206	295
122	326
251	301
391	286
62	335
357	333
56	275
224	345
44	344
150	343
76	265
356	287
217	317
184	321
380	341
56	309
202	281
412	283
482	329
166	326
181	316
489	322
184	289
340	278
187	265
96	291
378	303
423	312
446	316
61	304
390	320
206	343
138	340
324	332
51	296
395	258
113	319
415	296
324	345
287	314
168	312
227	297
435	291
251	329
168	326
7	322
74	257
241	281
384	301
108	326
374	276
194	268
60	324
159	273
473	271
299	271
344	325
450	292
128	262
234	251
343	331
449	271
439	290
93	258
187	271
494	305
377	254
378	320
114	257
313	270
451	335
5	277
204	299
179	277
459	309
458	338
24	311
108	347
377	305
294	293
83	327
145	297
116	348
366	324
78	328
394	332
433	296
245	264
94	252
97	282
474	259
433	319
1	343
171	332
4	253
102	259
443	250
239	332
22	347
217	319
414	285
334	286
92	280
12	283
74	313
54	254
330	279
432	345
55	318
90	317
122	283
259	250
137	270
173	297
269	277
286	285
318	299
89	318
380	274
13	254
398	336
78	259
468	304
464	263
344	287
11	334
308	302
362	300
326	348
396	300
269	297
11	285
417	268
379	276
429	251
362	329
113	336
27	324
427	295
371	314
418	331
319	329
129	261
370	303
377	271
364	273
295	313
318	321
88	254
46	298
73	319
395	285
294	256
350	290
272	314
48	261
347	255
310	345
477	267
230	276
410	285
119	289
221	321
159	327
412	337
46	263
5	290
107	348
393	255
481	299
153	331
292	334
487	310
499	343
36	316
128	336
456	342
493	311
392	273
167	275
243	300
54	274
46	286
221	330
221	322
362	303
487	255
270	309
365	336
34	340
366	256
371	311
256	274
446	263
122	269
441	319
405	332
207	253
51	254
375	303
51	313
81	296
265	282
114	307
185	334
255	274
122	272
381	264
173	303
12	326
313	276
454	253
16	269
463	277
431	318
438	287
349	315
141	277
483	283
148	315
466	259
360	296
388	297
333	253
237	257
386	260
195	267
90	296
438	342
87	324
310	254
449	275
123	340
355	329
200	300
228	341
303	342
210	283
142	346
398	313
307	329
128	250
202	288
298	312
345	265
265	255
292	281
183	270
408	329
362	333
223	283
218	286
252	333
250	281
343	278
128	259
367	348
493	281
462	253
378	338
426	343
340	317
371	295
342	257
365	300
271	300
406	338
83	342
339	273
60	267
147	283
453	320
439	285
386	328
420	258
391	254
203	302
173	266
449	307
368	296
14	308
430	327
93	311
110	321
194	286
29	343
244	289
310	292
129	275
445	284
78	324
188	266
481	346
130	328
492	321
381	340
86	332
316	287
166	290
258	301
315	304
155	349
320	300
397	319
287	271
243	303
369	263
76	317
422	342
196	267
306	332
250	278
500	291
58	334
233	335
124	301
453	306
467	303
147	258
49	305
304	319
122	273
152	271
95	329
241	327
209	297
433	250
278	306
472	283
73	338
430	332
44	285
117	294
76	268
297	326
241	334
27	258
147	311
328	345
430	261
28	340
221	304
183	343
19	316
239	349
343	345
360	272
311	280
215	283
351	343
479	299
214	337
298	252
184	286
85	323
443	297
197	279
490	301
279	316
215	320
418	258
301	260
141	260
23	331
312	325
214	275
3	340
231	265
125	333
113	267
272	254
335	262
60	283
87	304
140	309
366	287
479	328
350	256
99	335
51	273
14	349
69	302
366	344
450	301
470	284
150	292
389	287
425	253
23	342
134	340
273	314
415	318
355	257
9	309
64	335
140	333
483	338
348	317
470	317
430	285
167	336
307	263
208	288
61	304
408	328
166	267
307	331
68	334
166	290
180	256
311	268
128	252
64	318
186	259
458	292
255	275
462	298
474	273
19	286
156	277
403	252
119	333
139	335
228	299
77	311
40	282
113	321
289	337
55	281
221	328
176	262
289	326
182	304
119	349
498	334
343	267
132	347
440	251
212	277
65	260
273	251
60	323
423	288
311	332
84	327
20	328
264	343
56	294
24	293
126	324
202	305
260	345
358	277
325	304
415	308
203	316
69	331
145	306
181	325
386	324
124	340
122	327
366	257
235	270
473	309
242	332
190	307
459	318
298	266
80	271
109	325
36	315
131	324
410	308
249	328
433	263
127	277
222	251
472	343
294	337
345	326
167	335
265	326
440	315
77	259
108	278
279	344
168	267
338	343
62	333
466	339
447	310
283	291
461	299
380	296
239	345
448	300
252	263
345	292
307	301
299	302
22	281
307	302
478	290
253	258
429	330
329	275
465	320
409	274
356	282
284	323
494	322
380	347
332	289
459	272
58	316
244	254
380	264
376	273
308	281
237	330
95	322
301	281
169	330
454	330
348	292
487	331
401	305
441	343
183	325
364	285
485	332
189	311
49	271
495	325
284	305
166	279
171	266
246	312
99	295
137	267
474	285
241	338
349	294
177	348
101	346
292	346
216	344
363	273
188	255
149	286
246	317
296	272
189	338
482	334
7	330
210	320
170	305
207	309
26	333
46	262
109	331
319	333
368	283
9	321
365	257
74	344
323	302
235	333
120	341
464	257
322	289
337	292
194	318
49	312
296	317
209	297
284	339
358	274
332	349
91	325
288	309
163	274
115	346
49	288
14	340
93	288
252	260
110	330
174	280
142	312
203	322
445	279
218	306
279	273
185	277
112	278
175	265
484	279
15	331
494	323
273	319
148	307
498	297
181	312
282	328
412	273
94	262
196	279
94	262
157	343
219	324
64	253
229	348
438	271
143	349
364	276
39	269
339	279
107	261
23	275
37	292
302	300
379	270
231	257
395	284
138	277
102	278
497	284
263	331
30	263
413	348
475	251
215	293
496	274
440	304
316	254
225	340
357	297
401	302
439	342
230	261
434	341
161	300
223	276
426	342
274	296
225	301
268	254
108	342
371	331
269	260
457	258
452	339
439	253
444	271
242	335
295	296
444	288
293	282
133	337
72	286
213	283
277	299
34	260
197	276
70	330
498	274
193	256
314	348
63	251
356	299
144	331
450	325
498	301
495	335
148	334
241	304
78	287
6	268
275	299
24	342
113	299
6	255
386	308
201	333
365	307
304	302
387	275
424	262
227	262
24	304
288	276
277	347
56	316
154	313
179	273
216	292
116	344
125	341
394	302
217	306
187	327
151	295
253	334
151	274
56	340
183	302
377	323
60	279
197	348
457	291
221	290
124	307
95	303
232	311
82	326
235	291
291	296
460	319
473	301
219	278
327	311
228	274
358	317
370	309
434	277
458	295
398	334
93	266
401	326
467	298
459	264
64	317
197	288
116	304
271	319
452	256
39	299
399	283
244	339
372	336
240	289
451	282
81	347
355	321
277	276
88	347
438	317
253	327
148	298
87	344
33	336
119	311
221	341
83	324
193	293
231	335
399	255
43	312
490	348
48	315
36	263
432	288
218	345
16	325
195	307
293	304
93	276
262	331
428	283
97	259
201	315
345	255
411	262
346	314
306	271
356	307
376	298
21	331
299	340
278	338
416	267
113	254
156	346
152	289
355	293
94	280
428	300
212	348
13	254
289	286
392	325
282	339
304	267
273	297
114	318
353	307
248	308
13	322
334	258
369	265
87	305
98	298
146	267
409	321
335	307
59	308
150	287
35	315
199	342
359	264
291	342
238	301
455	279
295	277
315	281
7	289
466	284
165	253
310	334
211	318
171	332
170	288
2	314
53	311
490	307
164	343
36	265
43	259
215	306
478	331
154	320
9	318
87	321
163	250
256	330
326	315
386	291
146	327
492	283
145	312
467	313
392	276
147	301
38	257
331	274
298	277
193	314
116	328
416	348
183	327
24	329
255	257
434	348
342	320
15	252
256	267
210	257
280	265
144	320
328	293
76	346
337	338
93	262
452	339
36	278
71	334
308	303
278	302
16	345
380	266
171	252
364	277
146	286
450	315
35	267
149	308
146	291
274	251
13	280
227	258
16	275
91	253
26	305
71	306
352	296
216	315
246	297
496	299
235	330
374	316
197	309
296	322
259	349
264	272
390	269
73	254
406	347
202	329
16	282
437	322
83	311
328	340
313	329
374	286
273	251
477	337
389	303
173	302
362	314
438	311
366	322
489	251
356	256
471	338
364	302
171	328
296	346
34	323
461	273
175	342
324	325
353	253
384	291
464	253
470	347
35	280
319	348
435	254
362	269
107	268
349	311
47	283
178	276
431	279
153	336
436	307
283	349
114	297
233	323
433	329
132	309
150	283
38	325
24	292
134	318
119	335
14	321
426	299
286	291
455	300
202	310
62	268
49	264
360	329
149	298
351	278
19	325
111	314
10	275
365	291
91	294
96	322
367	314
500	250
453	320
79	317
373	320
473	290
341	316
276	340
14	335
43	306
132	266
487	293
339	264
9	270
481	266
123	337
202	272
146	296
314	280
123	302
118	283
374	276
124	332
352	278
20	273
62	265
148	264
209	320
285	331
34	265
127	320
307	300
47	339
419	336
453	348
194	280
422	297
143	253
168	324
230	293
425	282
489	272
380	342
328	258
432	338
251	270
294	328
442	261
236	303
158	288
182	262
254	275
291	255
354	280
232	320
174	314
439	317
359	346
363	279
386	336
480	344
32	316
184	337
289	331
109	300
228	291
439	339
305	279
348	285
419	280
368	318
169	251
236	281
208	276
71	296
427	280
159	312
269	260
58	290
486	346
332	251
381	331
318	327
208	345
67	314
353	303
357	264
139	316
88	324
248	311
256	262
115	272
274	329
450	313
478	265
81	258
346	315
238	296
218	279
123	303
124	255
170	306
260	260
297	273
123	263
166	271
406	335
494	330
370	261
368	283
179	341
191	340
441	276
409	252
116	348
71	307
379	320
400	265
106	288
111	317
216	325
49	295
338	319
361	311
21	329
453	347
60	293
286	329
453	348
221	250
472	310
127	303
478	263
233	309
199	269
404	270
494	317
433	300
413	252
271	346
251	309
222	250
310	308
97	288
83	306
88	346
254	316
232	319
82	338
286	277
44	340
74	303
473	324
478	273
367	314
163	292
73	257
364	321
144	326
152	289
352	349
489	262
87	262
135	289
222	294
497	303
412	259
441	294
318	327
266	289
282	267
113	318
154	266
446	327
180	305
430	329
167	276
90	261
30	288
458	291
276	284
143	327
16	336
218	294
230	346
225	347
171	310
210	305
111	336
239	338
431	318
150	267
23	296
471	345
477	300
386	318
76	305
480	325
322	285
105	332
453	315
182	339
191	269
62	282
424	276
179	329
422	266
177	282
324	264
496	292
184	320
479	273
134	263
17	274
479	303
13	340
412	271
32	338
483	306
420	279
475	335
443	296
440	319
53	267
332	334
293	301
417	260
116	285
500	261
403	329
377	277
410	297
473	280
41	314
134	254
430	310
223	349
160	308
400	288
162	337
236	342
372	272
231	316
58	251
234	312
450	337
328	312
289	311
327	278
269	276
265	280
15	276
487	319
234	274
339	311
10	265
357	315
356	313
368	295
138	311
20	279
273	272
376	286
270	313
500	341
121	333
246	267
373	298
366	309
307	344
39	274
132	347
461	305
348	260
286	261
76	334
385	337
59	289
226	327
314	286
491	283
17	291
35	329
105	276
282	280
335	327
267	250
129	290
217	343
413	339
306	310
419	341
59	265
459	311
301	322
75	312
28	274
197	262
138	344
470	262
143	331
295	339
150	270
325	319
262	322
194	335
392	266
106	345
452	257
109	341
429	341
369	347
457	284
140	306
201	313
261	274
138	284
16	274
165	310
52	321
403	308
146	300
50	306
158	324
260	261
270	289
144	295
269	321
251	255
119	300
220	250
305	322
149	281
134	302
263	310
56	303
437	268
400	281
352	307
493	311
191	344
96	339
121	316
330	264
145	296
368	324
382	289
94	266
300	310
171	289
107	318
35	278
101	331
248	271
90	320
365	313
320	279
32	326
232	257
431	254
396	301
390	276
27	322
38	297
114	259
245	344
450	252
292	281
143	270
255	286
52	267
431	256
71	262
325	252
231	327
247	292
169	297
373	318
240	257
337	343
311	289
395	291
123	297
25	306
24	307
498	271
418	265
438	252
314	345
172	312
58	340
348	302
46	311
245	334
56	307
490	297
226	338
42	266
157	320
229	265
232	347
423	325
292	275
41	291
103	308
484	261
273	300
416	257
162	266
346	326
309	298
418	277
341	345
65	337
30	309
237	275
238	337
339	255
349	272
241	264
24	339
286	295
110	299
97	325
468	303
228	326
85	306
217	307
465	305
9	252
31	346
373	277
68	348
23	254
114	347
451	302
174	254
227	255
165	253
465	348
111	322
78	339
320	317
40	319
12	339
415	310
260	293
237	264
494	278
459	303
358	327
185	347
268	334
227	272
196	251
123	340
447	258
270	305
5	312
91	286
428	302
275	258
245	311
116	349
364	294
203	301
130	327
374	343
366	288
247	315
62	338
424	310
178	269
37	292
32	280
260	280
227	305
115	311
187	304
14	252
49	279
365	313
402	318
303	259
228	342
178	283
275	317
315	314
108	261
270	310
149	251
373	250
158	267
197	302
331	284
315	309
9	321
225	255
349	329
181	328
292	252
361	308
184	280
311	329
33	331
445	253
58	258
68	330
499	292
351	250
458	260
61	313
500	320
465	289
249	270
327	315
278	347
230	296
283	262
86	253
246	338
169	262
118	323
298	269
471	272
432	258
7	261
368	272
391	318
37	258
7	276
487	317
418	285
81	279
142	319
203	329
179	298
357	316
194	267
461	286
281	308
400	335
317	274
454	301
113	258
144	333
308	286
272	272
310	250
463	303
463	335
451	294
155	303
29	251
111	345
149	253
286	268
24	342
1	311
298	330
230	266
355	295
393	338
224	310
396	262
197	338
266	349
322	258
282	265
238	293
248	307
26	299
289	256
212	264
436	302
427	345
143	261
342	335
457	291
7	320
67	312
20	307
192	310
103	296
457	289
115	329
250	286
334	344
452	321
472	306
385	312
323	346
405	284
240	285
179	278
220	339
390	335
352	253
437	259
103	281
1	268
45	298
366	304
15	251
336	277
484	315
241	280
456	338
174	256
134	266
369	272
338	277
466	289
189	314
308	329
494	328
425	300
468	300
413	312
468	309
74	257
315	327
398	292
441	340
281	263
173	271
247	290
277	256
404	275
122	341
408	277
284	271
310	334
300	345
363	349
424	339
156	290
241	337
244	265
329	327
435	262
305	264
342	315
84	277
429	275
479	324
441	338
412	262
319	342
486	310
59	327
449	326
347	299
209	298
280	271
5	284
38	313
138	310
18	340
252	321
110	313
95	258
142	305
472	296
332	312
170	335
49	342
71	272
232	332
413	341
366	275
230	304
138	337
431	328
126	348
158	259
211	345
201	320
339	332
57	262
207	269
500	336
54	311
35	280
377	309
2	320
92	303
299	290
500	299
199	267
278	305
130	301
175	275
446	287
131	263
231	315
164	319
48	347
56	329
176	257
127	301
412	288
269	334
318	298
301	315
456	310
252	284
138	260
226	291
39	261
197	291
124	278
297	322
358	282
6	261
424	349
16	329
317	290
52	314
122	299
459	285
74	302
11	315
107	251
95	331
18	335
228	330
155	265
207	281
126	330
169	345
434	291
311	294
214	285
182	304
300	264
75	348
270	301
360	256
356	304
379	269
139	271
483	326
376	331
265	269
493	265
85	334
332	296
183	323
126	294
358	342
360	277
10	270
219	260
220	294
164	312
15	330
398	316
475	282
447	250
494	270
477	290
154	253
100	253
489	349
433	270
230	336
11	273
78	346
288	325
28	265
464	295
389	331
175	329
272	316
226	309
82	349
12	304
356	286
70	262
198	312
329	295
20	280
70	301
373	334
402	267
262	302
150	298
61	341
498	347
433	337
497	338
15	348
132	286
83	285
61	291
427	285
401	305
264	301
497	306
216	317
27	330
96	312
23	305
122	274
438	262
65	250
312	255
341	306
265	317
108	311
123	254
108	324
334	328
185	318
52	250
225	276
284	314
171	271
354	286
170	297
128	337
6	289
462	345
50	304
159	316
166	285
420	318
283	344
245	267
184	339
84	341
17	309
185	274
500	347
74	265
416	276
406	333
127	267
76	257
88	336
429	307
177	284
228	335
15	324
133	286
465	277
432	299
26	254
494	252
490	250
88	311
414	332
81	277
271	257
341	330
492	302
237	310
76	345
67	298
435	329
467	339
272	293
464	343
455	252
216	324
96	304
218	259
412	337
329	335
306	296
346	341
149	327
85	253
281	303
451	318
404	263
382	312
268	259
236	305
346	326
209	282
96	344
264	251
333	323
206	331
308	317
56	283
180	310
242	319
278	251
264	338
308	346
20	299
19	253
272	261
280	293
416	337
490	342
197	309
378	322
300	276
368	299
408	259
456	293
293	303
340	325
267	254
471	315
478	292
124	278
474	301
197	292
232	344
30	254
472	322
257	330
488	328
25	250
29	315
225	253
315	308
360	318
220	279
200	347
390	311
451	297
158	311
347	344
490	258
365	291
468	270
40	297
338	277
323	309
87	282
379	325
175	260
314	310
137	322
451	317
135	343
13	308
211	287
360	334
71	309
324	319
55	264
139	339
124	251
490	277
259	255
336	345
451	345
354	335
167	289
117	267
167	318
459	329
373	271
443	318
142	307
310	284
282	318
411	277
466	255
250	271
327	289
50	322
488	278
20	261
88	322
449	312
467	303
195	320
150	316
208	255
16	269
331	256
192	339
383	300
104	327
253	304
401	330
151	331
67	291
74	304
442	348
93	264
130	327
128	322
343	271
114	268
142	271
148	305
264	345
115	258
287	321
131	287
265	258
196	337
207	250
470	264
286	264
262	287
64	325
36	324
210	291
42	322
215	328
51	300
475	312
169	269
290	319
182	260
346	266
65	334
88	293
436	281
65	343
23	266
323	308
63	257
247	281
494	334
412	294
263	327
492	342
220	263
63	263
174	348
313	257
462	318
100	298
193	329
120	261
214	316
66	265
337	309
100	250
414	305
257	292
461	345
484	252
283	345
490	317
283	337
296	272
57	285
19	271
290	317
313	257
489	304
131	277
218	267
96	305
135	277
102	267
430	252
69	297
64	283
293	346
143	283
234	335
242	345
307	264
67	332
278	314
480	300
248	272
162	283
403	260
456	318
246	261
340	287
369	313
445	320
39	328
35	335
344	333
19	273
30	313
245	296
301	261
91	256
362	290
224	271
313	273
333	325
166	320
143	252
209	283
82	315
292	291
187	295
219	311
7	274
417	303
141	252
323	309
414	306
94	283
167	316
150	308
209	260
382	318
101	260
425	332
138	306
375	266
214	295
51	300
82	281
27	262
3	278
63	304
272	290
320	334
217	323
306	324
457	308
442	313
439	309
309	346
136	302
267	276
168	303
471	266
132	274
50	270
473	317
276	306
380	309
375	306
425	277
398	287
452	257
36	322
117	279
172	315
435	290
120	343
223	349
26	282
447	327
234	308
180	342
124	300
146	300
388	315
168	344
52	305
274	305
230	324
233	257
32	300
341	279
400	322
485	282
273	333
225	273
430	313
448	339
187	325
78	334
231	320
260	279
312	293
27	297
331	293
49	283
432	329
327	262
157	261
419	252
2	335
211	306
270	279
139	320
82	327
330	348
104	253
207	271
171	258
285	279
371	343
141	324
380	314
395	306
419	283
410	306
77	288
455	294
465	263
112	257
221	343
370	293
242	258
69	314
237	312
169	280
220	311
175	272
410	295
50	265
207	299
443	328
415	252
198	330
230	332
317	344
186	308
268	309
240	268
457	292
7	310
43	321
323	259
309	268
277	307
408	316
182	339
409	285
74	342
382	297
329	324
500	280
231	282
114	329
13	299
154	300
282	310
335	349
61	300
218	348
268	274
418	329
408	309
43	310
483	258
284	267
257	341
51	283
412	309
60	304
377	274
356	286
202	264
489	290
239	253
244	320
144	331
226	250
251	283
474	307
278	329
279	319
32	264
461	324
336	297
486	255
250	264
47	317
397	326
32	337
197	321
174	259
205	262
145	317
393	302
411	278
282	294
224	285
126	291
411	286
43	325
292	347
488	267
489	269
279	292
277	252
49	290
138	328
478	272
265	300
474	316
448	280
97	296
468	317
7	307
489	253
3	272
313	294
337	300
343	349
446	261
143	304
38	263
138	334
35	278
178	262
367	340
1	302
327	313
487	289
320	267
23	320
248	274
363	283
13	320
414	330
218	322
102	322
33	306
197	292
431	331
333	250
62	337
359	271
420	299
143	307
182	321
49	324
122	306
398	323
412	273
22	325
293	268
256	281
132	332
136	329
267	255
19	308
189	328
367	281
147	268
75	264
108	345
397	312
158	286
311	327
437	266
493	274
33	331
29	307
404	300
474	306
386	320
463	317
162	328
239	348
189	287
200	303
60	312
407	321
83	306
348	309
453	260
282	261
373	345
494	309
248	345
452	266
180	331
63	254
445	303
482	287
365	304
358	316
122	281
262	291
444	291
147	311
370	297
217	260
353	335
319	340
381	327
190	304
38	252
239	288
445	253
461	319
477	297
64	261
297	311
458	301
359	276
406	253
347	339
366	297
276	325
340	276
452	316
454	271
403	341
415	288
30	325
74	300
277	348
400	309
437	304
386	327
397	315
175	315
124	348
35	344
495	280
260	327
273	285
66	293
469	329
122	266
175	342
63	275
70	343
19	316
283	267
52	330
79	310
273	329
474	278
386	339
319	264
470	266
186	349
423	319
491	305
226	335
224	268
446	255
428	298
285	312
148	306
409	269
5	268
328	316
289	294
184	321
48	331
496	287
50	308
151	298
228	338
283	306
291	286
75	326
42	307
33	327
214	337
325	330
109	281
442	326
282	326
160	302
131	335
74	290
348	331
382	271
7	320
18	293
270	311
314	276
191	318
450	332
451	331
168	293
32	333
489	323
317	333
14	260
449	266
349	287
428	256
151	300
411	335
428	259
486	323
350	348
335	330
90	312
174	276
24	313
129	330
23	285
368	306
30	349
226	316
192	335
365	318
425	315
97	251
13	275
455	327
125	322
344	323
7	260
215	268
29	334
94	259
325	324
94	284
320	250
59	263
154	291
444	304
253	282
234	340
127	311
283	334
391	319
336	302
15	296
216	328
338	324
212	262
70	345
52	304
196	331
82	283
35	298
277	328
43	309
70	321
460	349
183	275
393	327
152	274
75	312
65	340
211	334
239	250
113	319
21	273
165	341
244	291
83	292
34	337
459	263
117	327
140	323
116	330
178	260
453	250
305	343
434	318
226	284
402	330
413	281
461	260
45	327
222	299
317	332
310	333
452	321
472	301
464	280
60	291
23	336
440	267
110	263
461	296
117	277
26	258
67	265
91	323
213	277
451	304
475	260
110	335
407	343
255	312
249	272
403	343
497	279
199	337
452	304
44	341
241	329
290	329
483	344
100	255
475	287
287	304
85	282
459	347
423	267
172	302
314	269
464	277
140	251
175	323
227	298
271	299
161	334
100	272
167	316
470	251
56	348
287	329
164	278
141	268
208	340
205	349
83	295
131	319
270	306
265	341
279	252
463	253
364	347
95	288
142	300
437	310
225	271
120	309
41	330
61	317
110	255
431	265
312	295
131	293
417	270
42	281
34	342
354	319
96	299
272	305
487	265
70	251
38	321
99	256
305	285
230	285
265	334
456	314
447	322
426	305
378	341
99	257
261	329
386	261
329	326
241	258
8	277
477	266
206	290
340	282
376	332
378	315
376	322
487	252
99	254
228	348
403	325
22	285
456	309
137	325
343	335
99	294
24	282
133	288
90	286
48	330
205	314
191	304
109	308
13	301
151	326
141	342
496	286
485	278
355	280
365	315
449	288
436	304
288	299
340	286
323	348
422	342
96	260
172	329
123	279
129	337
485	302
432	288
353	327
473	277
66	337
189	272
318	311
459	280
25	255
303	289
52	293
191	342
151	337
129	304
220	286
471	310
338	256
424	255
416	294
123	293
332	296
384	298
450	333
247	295
102	328
341	334
309	278
272	349
348	342
284	252
120	347
280	292
277	293
10	289
54	304
204	288
412	333
307	291
260	342
129	307
316	332
211	334
5	297
56	317
234	301
14	313
362	272
96	339
309	282
303	345
375	303
203	272
99	258
443	316
293	278
183	294
312	309
68	276
50	290
312	293
252	306
211	271
330	304
69	287
105	322
396	348
153	341
56	327
345	310
86	287
61	333
366	306
128	262
46	344
98	294
224	308
184	272
267	304
406	297
401	272
356	332
261	277
388	280
486	260
32	273
131	290
7	299
267	250
353	304
460	264
414	304
50	287
227	316
188	264
240	316
411	271
253	264
267	272
487	322
480	274
347	328
3	320
93	317
483	292
428	334
139	275
374	266
404	285
190	271
330	280
159	255
225	272
88	338
318	272
71	262
381	269
301	316
205	345
13	272
122	290
57	339
382	328
78	295
164	255
318	314
261	283
187	288
89	268
486	314
126	270
409	271
113	268
360	337
492	301
34	297
429	250
247	318
37	305
101	318
9	327
236	323
248	265
197	342
313	274
257	272
102	299
471	295
23	264
202	271
171	303
455	311
41	305
482	338
207	268
358	335
76	326
27	262
368	250
187	297
329	268
377	331
375	341
117	290
358	297
112	318
24	285
200	283
363	326
5	306
83	328
101	320
242	307
424	288
246	301
183	303
390	267
90	287
434	262
395	274
354	255
480	274
359	269
28	312
71	345
243	271
395	345
37	329
35	320
138	282
417	345
263	337
376	313
137	275
396	269
483	305
462	294
448	320
182	254
371	341
238	319
343	253
496	344
74	348
166	293
304	308
310	329
208	266
242	296
113	259
402	295
238	288
195	292
160	347
1	329
303	291
88	307
339	289
67	268
190	258
189	345
50	296
364	297
276	257
77	294
442	348
130	309
381	301
95	321
157	301
244	315
120	323
374	274
447	315
445	347
429	325
285	327
201	346
261	289
107	287
296	344
484	330
442	349
307	253
331	250
377	348
313	331
60	324
377	327
478	266
84	291
17	320
169	280
97	267
290	275
246	303
455	335
262	338
152	282
13	263
424	264
298	274
256	285
138	316
38	267
380	296
129	317
112	260
125	325
45	327
335	303
295	287
192	325
317	342
415	286
157	262
85	321
198	302
68	286
112	293
208	271
408	340
128	295
167	272
164	273
386	340
482	280
188	259
290	288
186	256
250	261
239	323
195	322
33	341
114	288
68	279
24	299
409	281
356	314
433	290
307	263
197	275
261	272
93	297
368	278
10	284
182	265
411	316
396	309
457	349
179	251
136	319
416	323
245	256
278	287
69	267
498	326
115	283
6	333
437	287
195	324
257	278
7	266
406	291
313	297
450	337
141	338
327	283
229	286
331	280
122	264
395	320
130	268
280	259
341	260
55	295
132	252
78	330
188	337
95	274
400	314
81	281
273	322
497	308
479	280
301	301
89	285
257	297
211	287
411	324
291	267
473	266
196	321
291	285
373	253
173	304
413	286
393	271
164	335
438	254
230	252
304	271
184	250
22	264
144	308
3	332
23	290
298	348
246	300
476	279
36	334
461	284
5	328
414	282
271	326
84	291
95	337
412	252
169	312
201	332
136	345
150	299
203	317
253	337
307	256
212	304
247	301
342	262
445	272
292	265
92	256
357	311
365	314
173	337
145	306
188	286
233	287
493	268
485	335
326	252
500	272
428	296
66	260
316	333
470	320
52	272
466	310
127	263
260	284
266	308
257	285
135	263
477	314
291	285
125	312
41	337
113	294
379	250
56	310
185	271
250	313
487	295
497	341
302	310
309	279
300	307
26	304
442	339
191	329
120	308
211	301
365	275
289	298
257	256
433	280
355	281
487	334
165	344
102	331
37	322
349	291
228	339
303	306
382	343
387	327
199	344
34	265
229	346
343	282
413	265
329	285
273	282
135	332
62	334
189	287
78	281
155	330
390	298
350	349
340	306
299	274
329	298
67	329
185	294
198	286
213	278
186	313
481	305
250	273
328	308
451	250
224	316
191	302
177	320
46	251
187	322
45	327
477	264
81	261
173	326
453	336
22	258
278	330
301	330
457	312
168	287
295	339
410	269
487	319
323	257
215	263
271	344
406	266
464	327
380	275
431	338
73	311
300	271
347	320
140	336
45	294
351	330
389	317
430	277
146	325
323	277
87	264
40	296
238	258
294	300
166	254
14	259
200	336
337	347
377	338
422	281
195	281
351	337
338	279
267	280
464	256
475	297
374	282
285	320
4	344
98	274
21	308
450	327
100	302
103	273
485	298
146	306
318	296
102	269
481	269
60	264
188	320
43	324
477	344
9	339
434	252
209	311
21	349
13	289
222	310
231	301
438	281
69	265
33	305
385	286
316	318
192	314
392	302
54	342
315	344
422	253
308	333
361	343
474	296
122	317
389	337
119	292
298	268
10	281
258	312
340	325
51	313
3	305
480	295
207	304
285	340
63	252
364	324
6	307
281	301
372	263
115	331
156	276
189	301
286	321
435	282
96	290
276	284
129	310
310	257
423	266
336	278
40	258
334	335
269	305
423	302
182	332
45	331
82	344
191	266
267	307
374	297
40	275
264	322
465	336
451	292
4	331
181	336
405	296
99	260
16	283
71	300
70	274
15	305
463	261
355	301
57	338
225	326
192	305
395	317
254	286
58	253
431	333
124	298
144	281
476	318
52	341
325	266
56	315
249	327
296	300
351	334
305	349
74	324
223	312
205	324
297	343
377	278
273	331
16	348
298	338
126	310
446	264
75	263
185	297
169	262
237	314
232	336
132	292
165	262
88	325
61	255
297	280
366	341
238	339
336	292
209	343
87	310
478	279
488	305
181	260
337	289
457	318
329	311
194	333
243	271
285	292
457	291
320	298
457	338
330	279
396	307
391	289
430	275
211	342
121	328
223	332
20	344
119	306
268	301
357	290
30	318
240	324
444	327
380	287
424	287
148	252
172	311
18	281
51	284
188	339
154	298
341	258
379	288
484	289
116	322
12	282
319	308
320	266
175	332
157	309
392	265
296	344
261	258
51	347
70	300
258	323
257	337
448	345
283	301
139	260
142	324
1	310
193	309
466	294
81	345
334	308
462	258
430	251
459	263
478	287
370	256
20	269
71	277
488	335
252	298
350	280
220	273
176	262
374	297
454	330
169	284
59	349
464	348
424	329
467	344
189	334
256	266
398	259
326	335
211	307
19	276
42	294
339	259
83	341
193	336
280	291
450	292
34	279
332	314
155	270
223	300
461	349
234	267
337	288
74	320
75	295
224	282
404	268
248	334
266	321
189	275
171	258
482	298
232	308
111	267
429	307
358	301
88	339
428	277
128	295
50	257
274	338
222	302
116	255
229	270
203	324
325	271
218	270
50	313
228	323
81	301
16	336
273	313
120	294
105	283
355	326
163	341
384	255
29	286
205	284
481	339
358	327
337	345
140	345
463	337
169	324
10	279
318	269
348	344
232	260
337	254
466	309
104	316
142	343
386	285
21	269
146	327
369	291
207	349
165	327
478	307
359	283
31	336
160	311
273	317
225	324
289	277
474	267
83	278
349	295
446	326
345	255
450	267
349	312
256	272
45	251
351	258
473	331
149	311
211	259
1	264
135	340
119	322
275	349
194	299
390	255
93	301
116	274
469	296
323	307
367	260
185	342
9	317
398	266
360	304
17	330
327	347
488	261
20	326
103	286
398	286
391	289
377	284
283	342
22	341
283	312
330	268
411	335
350	312
191	293
411	254
177	314
102	311
165	313
374	306
94	276
137	253
490	278
85	281
287	265
192	328
372	314
314	335
347	318
170	320
172	281
174	346
126	346
52	346
395	284
37	298
490	291
72	327
242	251
425	293
166	284
468	314
187	306
464	285
434	303
209	326
136	251
149	345
58	311
243	292
377	341
247	316
461	307
440	278
141	324
345	310
279	333
11	349
216	265
122	346
56	321
325	318
190	284
92	347
463	268
156	255
26	272
159	343
49	264
46	263
273	277
471	331
164	333
50	258
390	258
169	306
309	343
296	300
219	259
265	266
298	302
396	257
338	255
2	341
247	250
373	317
94	253
174	307
17	303
397	253
272	269
4	284
378	322
244	330
473	314
318	332
272	300
20	306
391	346
365	287
189	303
318	342
326	279
256	310
294	301
94	262
357	256
132	334
56	268
183	292
278	328
287	330
270	255
495	291
458	299
104	338
480	250
54	347
485	317
270	325
441	282
176	292
9	329
392	263
371	337
191	280
379	336
224	251
389	286
275	309
256	306
374	317
140	260
19	292
34	333
455	269
249	296
68	314
15	255
299	285
352	256
217	316
401	263
449	274
107	297
9	305
314	266
292	325
177	327
23	270
158	300
304	335
330	292
104	266
270	287
15	298
411	266
495	290
437	282
426	274
74	347
375	347
469	273
219	277
286	281
490	310
161	316
255	260
226	265
165	296
81	318
451	277
354	291
102	325
260	306
267	348
28	254
26	324
482	340
165	267
168	317
318	302
497	256
1	320
132	314
451	314
103	261
478	306
20	337
129	268
168	291
360	279
336	321
182	263
289	331
328	254
486	252
365	253
419	345
437	345
254	334
374	277
392	252
284	320
33	305
479	306
437	277
119	307
164	289
327	282
363	338
251	273
427	312
60	264
252	253
217	266
290	329
74	302
89	284
336	289
196	344
293	303
418	348
365	343
264	310
42	254
216	266
104	273
408	333
144	331
301	322
451	281
26	349
64	297
229	254
485	308
497	316
499	269
248	314
323	298
393	348
464	310
13	252
93	280
397	301
26	274
369	310
15	250
73	256
497	320
169	349
179	330
242	290
486	349
186	327
256	336
353	311
361	257
318	307
497	284
357	303
274	293
411	270
495	313
218	314
59	264
150	348
314	310
320	268
404	339
80	312
212	258
159	295
342	327
467	284
322	250
323	313
226	338
314	342
247	333
403	298
489	266
474	349
203	282
88	323
88	324
450	331
406	306
331	264
184	345
58	268
88	255
98	298
226	322
289	279
93	266
328	337
219	340
315	327
175	258
376	275
106	346
209	267
218	296
309	254
292	330
73	292
237	254
76	253
486	338
406	295
130	250
182	276
143	339
151	313
293	254
127	282
436	293
495	333
324	273
493	292
275	313
122	285
166	261
189	255
73	323
238	340
174	331
496	265
14	336
317	296
202	340
157	262
262	314
137	311
444	291
413	253
155	285
315	329
384	268
482	348
22	325
143	293
323	299
121	273
453	333
192	253
99	312
38	336
403	262
243	313
228	319
20	336
194	271
251	261
301	277
308	349
71	314
158	291
147	262
336	328
104	298
4	307
332	292
111	300
357	255
414	262
247	276
100	262
354	320
144	283
132	263
151	282
22	306
31	273
6	335
69	276
392	321
263	300
116	257
116	321
478	270
81	306
130	280
317	303
373	335
64	306
431	264
79	335
231	318
367	256
485	262
262	278
421	300
316	304
384	284
462	253
276	256
469	253
311	336
380	332
476	312
307	317
253	291
307	341
218	342
409	331
461	257
340	315
490	250
32	346
258	326
100	286
341	277
186	334
410	334
333	301
199	316
389	272
433	265
403	289
403	252
433	286
296	275
320	332
239	336
106	263
141	314
44	314
389	273
437	283
232	290
473	339
349	278
169	312
499	282
109	252
471	330
281	256
147	301
40	301
413	333
495	285
442	278
499	331
441	255
359	254
396	293
392	283
86	312
91	303
202	294
286	348
353	318
4	297
407	275
11	309
260	309
470	332
422	300
127	349
121	317
488	251
89	290
142	323
122	269
51	306
180	329
489	322
344	299
143	278
276	329
397	272
42	335
305	253
162	284
425	346
78	280
347	294
441	293
25	285
58	299
398	267
234	323
163	252
337	296
130	313
440	261
121	274
187	319
78	272
163	264
244	335
39	251
155	300
27	307
15	327
337	256
49	334
243	283
471	283
183	301
311	302
397	323
91	330
49	267
104	271
66	320
416	257
478	322
174	296
499	287
292	270
326	317
234	301
197	277
233	283
184	329
98	308
388	343
53	276
305	261
496	296
497	333
21	303
422	276
162	254
333	321
416	343
17	327
367	271
351	342
6	328
196	296
246	253
469	269
76	282
475	275
344	282
40	256
268	259
371	335
470	254
210	333
113	265
364	270
41	252
16	324
279	306
373	320
254	343
196	335
149	291
59	307
23	312
330	318
5	275
347	321
250	265
15	314
194	344
234	269
144	270
459	339
297	254
26	250
389	315
443	256
415	282
310	334
123	293
279	346
358	263
70	349
297	259
470	283
96	304
490	305
110	315
445	263
5	311
110	319
337	310
340	346
22	260
128	302
9	262
418	315
489	311
258	339
10	345
379	261
49	335
194	265
282	304
392	339
126	303
335	321
482	273
338	260
104	270
72	331
5	316
371	322
480	334
50	259
480	334
14	281
366	268
442	313
412	276
152	318
355	250
405	314
302	271
400	267
382	333
9	253
193	265
449	288
345	341
54	290
205	316
109	317
361	283
313	285
275	307
425	321
184	300
378	349
401	349
317	337
399	313
380	265
354	310
371	280
165	332
24	316
430	280
493	343
390	326
457	313
420	251
289	326
349	283
154	322
152	297
144	266
367	305
92	320
22	253
115	264
348	315
158	339
105	343
342	311
19	267
295	272
35	312
360	277
401	297
84	251
481	251
270	315
149	348
39	332
163	319
383	276
14	253
23	319
478	313
53	258
310	273
351	347
442	329
76	328
406	314
213	281
262	313
103	279
367	262
239	308
486	317
198	323
7	334
103	342
307	277
250	337
247	312
208	335
221	296
105	298
268	312
133	308
347	304
389	282
122	318
111	315
374	314
132	309
27	267
474	305
200	307
411	272
267	276
91	265
448	307
379	263
175	333
479	337
212	334
150	295
356	318
360	254
443	344
142	285
392	300
103	337
73	299
116	341
435	333
67	341
70	318
251	265
173	268
33	255
239	299
247	278
328	317
500	278
218	333
50	321
425	264
275	337
245	333
433	279
230	308
381	321
397	340
284	252
362	260
467	338
112	308
75	251
219	256
495	320
447	258
133	308
461	349
138	337
147	256
412	314
464	276
408	306
222	258
151	340
222	338
199	276
344	327
375	286
357	329
26	255
30	323
348	280
485	290
380	298
164	298
217	317
325	294
236	264
65	271
179	296
57	278
387	325
430	257
171	325
78	269
388	284
78	264
177	270
390	296
26	320
93	303
377	285
38	253
368	279
46	261
498	257
71	280
33	290
119	325
341	323
198	267
3	341
90	279
98	275
365	288
368	283
238	292
165	251
163	251
58	321
375	282
331	261
64	281
226	320
321	316
303	319
123	303
68	330
268	282
180	265
401	274
6	315
118	345
97	307
7	293
262	343
475	277
400	313
255	283
499	343
124	314
330	327
73	316
319	281
441	284
307	303
431	341
29	283
307	320
63	269
168	323
220	299
225	324
463	271
229	313
320	316
455	276
491	256
438	292
427	338
130	295
22	294
87	276
312	302
399	277
79	250
201	272
161	297
328	298
466	258
12	304
202	301
348	337
218	253
261	273
13	263
223	254
499	263
87	311
439	282
95	250
162	271
406	331
138	264
311	266
334	299
267	304
438	271
347	322
490	271
333	304
295	276
287	284
139	252
245	294
254	291
417	323
335	291
252	259
474	250
140	304
375	285
116	309
468	337
36	305
154	261
430	288
354	308
498	273
291	346
104	280
36	346
43	349
253	261
410	305
354	342
465	335
316	257
90	318
358	299
182	275
361	294
164	281
24	290
199	273
100	323
200	259
296	324
277	279
456	306
427	259
20	315
491	300
460	322
200	317
420	326
19	336
135	304
462	302
417	258
81	337
474	325
445	292
203	311
131	326
246	333
11	329
110	301
473	349
472	286
136	287
442	256
143	331
57	252
171	276
59	293
491	266
184	264
137	285
132	258
43	251
190	259
454	345
110	291
334	257
285	321
90	335
57	328
42	291
87	324
284	291
164	272
365	294
85	343
96	288
341	277
212	272
248	268
167	282
432	348
410	266
135	348
199	254
220	333
243	306
497	348
298	296
22	258
283	289
461	306
425	307
267	256
64	300
23	293
351	310
124	262
320	254
220	251
127	303
332	289
91	323
441	339
192	306
21	309
151	284
493	310
393	256
451	297
338	300
141	320
287	275
199	316
463	323
484	314
253	317
464	349
149	272
144	262
28	345
287	309
13	331
364	332
447	321
91	284
301	277
253	322
252	297
90	285
133	318
24	285
500	335
230	323
222	310
213	334
184	310
455	329
477	280
471	287
348	262
211	269
85	287
161	309
63	296
231	256
266	271
126	260
281	263
266	338
12	298
84	334
205	260
59	309
274	284
275	280
430	327
463	293
154	269
72	318
239	347
261	277
310	265
420	296
71	254
347	307
389	298
80	252
284	325
54	272
442	329
275	280
483	299
52	322
387	312
475	310
297	349
359	326
220	325
170	251
107	316
120	341
296	294
105	257
365	253
453	252
133	286
99	323
269	267
284	316
296	334
144	307
166	335
195	311
75	338
174	342
206	341
467	270
272	344
459	287
373	267
102	257
41	293
227	332
151	321
240	315
359	299
262	345
229	293
10	286
326	295
307	335
220	270
494	299
104	349
274	271
65	256
69	253
464	258
340	268
359	269
76	256
492	347
178	256
490	316
328	303
164	253
173	258
101	268
140	285
104	254
85	269
15	289
162	270
485	288
287	308
370	287
450	318
129	259
284	273
364	283
280	283
13	333
391	336
104	336
414	339
7	271
15	347
210	255
75	341
277	344
183	341
422	284
65	278
438	338
14	263
96	258
61	306
155	333
3	252
108	342
260	256
1	326
91	261
287	322
151	255
36	324
133	294
147	301
348	311
161	326
475	280
302	314
13	344
466	271
9	339
65	279
40	267
374	331
187	284
381	333
280	346
41	259
73	281
333	329
250	297
78	333
195	250
131	289
329	296
295	254
26	287
70	348
146	315
291	286
84	345
106	315
416	302
332	250
243	278
308	253
166	269
90	301
7	271
64	258
383	269
451	264
70	285
61	262
241	261
196	299
163	297
162	316
217	294
19	320
286	327
451	326
489	271
440	292
46	252
325	337
185	267
328	283
463	278
141	284
116	308
338	335
221	314
58	274
317	341
214	291
467	251
327	259
282	255
44	293
378	260
424	306
465	318
147	327
372	259
28	280
180	257
419	288
408	306
471	303
216	292
89	292
17	313
446	345
77	291
462	256
255	309
324	265
376	318
326	320
464	280
121	306
69	284
373	283
294	264
223	306
302	333
57	288
108	286
150	302
298	311
477	257
486	260
232	308
322	303
473	279
189	285
208	309
385	342
267	295
57	329
386	316
488	324
79	330
449	256
125	343
316	272
318	282
448	255
16	320
420	346
11	336
193	279
279	267
58	291
323	297
301	283
9	258
486	257
97	341
3	341
31	271
117	347
492	338
207	274
246	313
75	279
415	280
346	310
480	341
331	347
74	337
492	271
474	338
198	338
90	315
338	347
266	302
104	342
250	286
271	311
360	267
188	338
89	319
404	284
184	260
373	263
137	333
27	341
475	257
230	302
258	250
95	339
351	305
22	334
174	306
472	286
458	313
485	335
355	277
294	300
187	326
17	332
113	298
422	317
119	250
44	340
327	299
86	342
440	276
5	336
392	281
462	273
214	332
477	256
77	308
19	315
32	253
119	312
115	285
125	285
160	250
217	261
481	252
16	266
453	331
253	290
415	305
348	253
423	280
33	283
400	339
194	329
460	314
46	282
419	265
460	320
348	276
339	279
424	340
325	253
340	327
330	282
101	322
436	303
162	343
93	335
127	337
204	296
476	335
289	317
237	321
188	323
413	347
30	318
53	264
164	256
465	306
87	278
243	286
116	292
87	308
493	349
207	300
490	267
52	293
200	294
121	272
200	293
164	322
84	346
276	250
488	335
114	265
216	295
283	344
358	321
345	270
425	268
359	277
452	344
449	254
349	316
488	322
331	319
221	261
235	337
434	327
279	286
133	254
416	288
151	251
346	273
117	254
14	266
315	303
490	275
164	331
20	269
271	335
299	300
369	317
51	255
365	331
392	284
186	292
202	267
226	302
224	296
285	267
26	298
189	273
156	261
1	261
311	297
191	329
271	284
35	346
452	259
83	338
25	265
145	314
323	335
425	294
477	310
224	277
198	263
472	332
443	294
272	319
384	305
167	301
51	344
395	252
355	342
88	314
316	321
92	340
312	257
419	313
436	335
217	310
191	309
152	289
190	322
117	345
313	288
331	276
399	264
100	342
439	287
293	299
64	325
463	273
161	346
469	342
398	250
497	280
176	252
460	263
117	334
455	307
85	283
188	279
467	261
132	323
39	251
86	306
76	284
301	313
124	283
390	297
385	273
414	339
33	320
237	345
486	272
53	278
198	346
385	336
365	331
281	311
166	277
10	255
137	310
146	311
134	251
138	291
19	266
227	252
187	326
428	296
380	267
226	349
409	259
117	291
352	310
254	271
147	325
71	324
106	322
45	328
357	309
27	315
25	266
18	301
61	268
208	258
115	306
160	255
89	252
150	261
150	276
396	281
396	333
170	332
140	268
185	340
369	274
63	253
357	344
237	306
157	344
218	301
273	315
357	339
213	259
472	304
385	261
50	320
305	298
157	339
36	280
152	252
446	341
411	313
452	281
366	285
263	305
440	285
360	272
212	331
471	296
69	320
150	299
36	285
262	292
19	280
205	343
323	345
500	323
480	293
108	278
211	320
278	323
190	256
91	344
208	256
4	263
330	274
196	289
251	324
297	286
183	316
268	296
368	348
119	313
140	261
485	285
319	268
177	288
240	262
297	250
238	268
267	272
65	342
248	296
402	304
345	319
448	315
275	261
391	327
245	281
58	270
230	258
19	280
83	330
57	290
462	250
56	304
16	301
161	287
444	262
357	298
145	275
45	255
56	287
187	311
474	281
161	292
238	338
90	254
476	266
179	343
376	253
345	270
417	268
360	256
398	254
127	302
253	296
316	256
185	328
130	337
481	298
226	278
18	259
49	316
25	271
205	320
424	256
422	348
288	339
153	300
395	332
467	269
186	314
24	331
84	340
181	314
64	310
94	346
205	280
72	313
40	275
419	344
492	308
51	327
455	253
312	330
200	340
107	275
195	311
282	268
237	311
23	325
324	280
4	288
181	336
31	348
57	283
29	295
2	296
400	262
244	274
38	280
1	328
105	309
152	304
113	334
43	306
325	342
464	269
63	309
333	326
165	324
39	323
41	282
71	256
109	254
88	272
238	314
476	293
327	283
68	252
130	302
281	340
122	274
210	279
329	285
425	312
369	324
211	321
254	334
290	310
486	263
268	322
425	344
478	346
50	278
243	292
345	311
211	285
328	336
361	317
26	252
104	254
109	312
9	289
376	316
141	333
336	333
273	336
245	281
353	310
191	297
26	295
99	338
292	288
373	344
467	285
383	313
26	267
466	260
170	255
270	270
23	333
403	255
286	310
125	304
381	334
163	266
212	255
122	308
29	323
461	336
123	297
97	275
110	297
303	295
429	305
327	286
416	270
444	349
298	309
53	264
339	342
351	337
61	294
211	320
446	267
452	313
399	317
422	311
412	333
55	281
354	255
455	287
161	286
431	270
341	265
477	302
190	293
217	333
439	298
42	305
179	298
381	316
383	327
380	344
132	332
144	317
301	251
202	255
371	276
367	340
356	304
331	301
400	282
31	311
85	275
98	302
202	320
84	315
360	313
102	259
237	280
25	264
493	286
3	263
464	267
237	307
172	305
183	256
377	256
222	348
9	341
229	264
167	313
465	331
111	286
293	336
219	271
346	295
227	347
43	250
321	334
84	327
126	270
17	273
38	257
359	259
4	325
331	286
379	308
377	282
336	319
313	314
465	312
248	274
206	292
257	308
70	338
200	272
292	332
129	294
495	290
255	332
293	309
159	263
392	285
135	252
201	311
399	274
266	254
274	255
489	340
448	302
497	288
455	261
351	281
154	344
372	317
194	293
295	281
250	265
231	301
148	285
18	282
499	252
442	250
413	309
80	296
32	310
75	324
241	321
69	318
217	302
248	277
289	296
21	324
489	342
235	337
184	309
39	283
234	272
92	335
268	276
125	296
407	288
128	335
45	265
415	332
210	304
214	327
455	335
89	321
286	259
30	272
251	276
385	341
491	310
476	330
347	339
249	282
447	268
110	293
149	301
297	302
191	260
73	310
18	284
368	295
385	341
127	287
110	334
90	319
133	276
16	278
475	329
8	292
123	268
17	317
451	267
422	327
413	308
147	254
445	261
245	259
297	260
140	284
407	323
279	313
337	326
420	291
345	346
470	290
248	340
419	257
412	286
283	275
470	283
219	284
191	313
22	309
353	338
134	340
438	296
469	263
59	300
439	343
175	317
422	305
346	330
118	310
133	349
273	266
76	318
102	266
185	338
430	328
391	272
97	281
29	259
487	291
123	278
242	264
3	265
201	307
144	278
436	254
45	323
420	272
467	264
322	281
432	313
273	322
60	295
34	280
52	347
25	275
433	271
419	280
106	317
146	303
196	328
117	313
241	283
246	343
424	342
440	313
239	268
196	278
255	250
188	282
53	316
313	329
310	327
109	263
39	325
182	256
126	272
367	343
415	269
263	265
427	312
486	269
74	267
81	349
170	297
390	257
21	261
416	325
458	268
252	317
301	321
24	335
496	322
7	344
441	272
72	330
426	274
27	324
42	327
60	263
484	341
27	268
266	267
161	333
53	254
464	279
128	289
10	286
303	291
263	295
70	335
113	250
248	292
358	286
487	254
162	254
167	289
137	279
431	273
186	281
453	264
44	253
407	273
52	325
96	321
169	323
249	292
15	272
118	339
313	293
228	306
80	329
410	326
134	273
130	270
112	254
38	308
100	266
222	297
220	264
224	319
104	282
72	322
91	341
313	272
209	331
403	287
63	342
185	321
151	305
207	320
346	300
175	263
299	348
17	317
447	257
204	324
448	271
352	332
447	273
436	329
409	276
459	252
434	312
427	258
14	277
117	304
1	278
304	336
247	336
387	301
360	268
212	301
369	267
318	265
219	258
318	253
12	261
247	255
236	349
338	287
334	334
444	285
450	318
152	345
489	310
498	327
233	270
211	257
231	293
439	334
432	292
42	343
167	274
255	307
498	321
322	307
234	293
31	311
497	315
73	334
139	345
124	312
71	270
187	281
124	298
372	275
494	322
96	321
17	274
462	265
126	332
42	265
189	292
239	331
176	342
8	305
133	292
319	259
313	349
23	316
28	274
32	334
299	330
149	334
258	331
317	250
425	334
101	294
2	263
338	341
179	291
77	280
102	287
203	338
165	337
495	344
92	293
294	274
470	337
451	278
334	302
341	280
240	261
350	259
397	331
12	250
400	340
291	290
380	279
381	283
52	310
388	308
46	267
310	305
219	324
357	343
248	317
360	338
223	286
320	340
244	342
497	284
115	340
390	280
126	285
485	323
203	311
241	253
234	338
464	343
334	291
482	289
6	304
353	259
228	308
278	338
399	310
339	297
276	333
306	347
82	276
340	329
352	297
221	290
271	286
439	292
290	331
472	342
178	326
438	345
329	259
410	300
183	294
284	321
441	291
251	303
446	279
256	291
73	309
110	294
329	270
416	254
486	338
412	319
91	255
470	302
463	339
130	277
471	294
280	333
317	283
435	258
376	306
441	322
232	271
435	313
44	291
400	259
109	327
342	275
142	261
274	304
196	275
8	304
417	279
122	254
439	261
396	329
117	317
49	283
69	308
201	317
50	275
161	320
115	295
418	276
239	335
497	286
118	305
330	301
301	337
204	265
467	284
472	281
257	293
342	330
404	297
269	258
138	287
316	324
350	292
179	299
364	329
88	349
361	286
281	303
497	348
410	255
113	347
384	282
98	348
480	299
467	336
349	270
41	271
17	329
278	329
456	252
268	324
400	308
243	330
249	318
72	282
120	288
186	255
450	293
163	257
443	299
353	340
117	279
340	307
283	305
348	301
391	324
278	327
423	251
31	262
260	303
6	327
349	302
270	311
425	276
322	311
68	343
104	265
462	349
500	304
438	286
479	347
92	258
246	287
134	328
343	305
32	269
37	340
4	326
22	330
465	330
47	303
216	295
414	252
353	345
26	308
194	256
171	319
409	252
104	338
477	264
157	286
162	311
134	315
272	323
96	279
211	253
283	326
67	254
458	300
339	330
250	339
341	254
245	291
330	274
65	269
470	301
459	275
428	262
94	290
128	268
193	345
8	326
458	312
32	346
351	263
162	278
237	257
72	310
200	284
13	320
428	316
428	261
12	340
223	272
261	269
471	333
235	324
240	324
106	283
297	257
225	270
6	316
323	346
433	297
206	323
435	281
24	283
324	329
244	334
115	313
372	268
386	315
164	335
293	254
121	333
489	280
436	273
365	294
265	326
393	320
209	307
166	342
279	282
262	277
272	300
23	310
31	297
25	277
367	262
147	312
132	336
466	296
396	319
40	273
36	294
42	317
174	320
270	307
402	303
85	294
40	311
32	291
302	253
124	317
225	318
83	270
9	272
238	269
24	342
253	346
223	281
417	297
441	255
334	345
206	309
102	252
92	324
316	271
432	349
131	268
287	338
30	288
489	290
2	279
334	294
399	275
69	343
445	295
217	264
116	264
39	252
443	299
459	265
204	255
198	261
470	314
70	290
21	348
428	282
315	267
134	281
409	262
126	271
18	255
186	343
322	311
359	318
38	266
183	341
357	263
374	306
427	334
482	321
283	316
178	294
381	316
358	341
249	340
43	330
192	336
243	329
5	292
415	294
219	313
457	272
74	294
334	337
157	275
373	315
453	325
91	254
468	251
25	340
38	288
471	321
7	347
360	330
95	322
66	265
452	285
394	348
230	294
267	273
323	349
208	291
415	291
146	331
453	263
315	291
292	275
99	264
438	303
72	276
46	298
224	327
190	307
419	317
326	271
26	343
354	345
368	313
263	341
198	311
483	263
277	303
296	326
312	319
464	309
85	302
112	295
411	335
349	296
287	292
177	315
99	267
331	282
71	333
389	280
363	309
272	257
159	251
95	313
475	314
270	263
19	342
253	295
456	268
417	298
229	286
215	260
204	349
496	276
426	254
197	276
12	294
14	349
365	275
118	275
341	313
66	297
263	267
152	327
309	327
181	253
215	269
426	259
12	309
390	335
103	324
442	266
405	349
425	264
33	298
419	256
85	300
37	325
469	330
375	346
476	349
78	287
353	254
400	291
494	325
109	277
136	348
191	296
439	253
411	301
243	276
47	274
464	295
414	332
157	347
140	330
90	252
180	317
402	307
19	286
387	315
195	280
342	328
416	281
29	282
357	312
344	266
44	314
97	286
173	280
457	299
222	302
98	304
291	301
417	278
263	285
296	331
139	347
378	332
200	290
106	343
47	297
414	327
60	341
379	296
359	339
468	263
478	279
74	317
182	293
19	263
140	316
413	286
25	306
407	282
85	256
251	330
202	337
339	337
100	348
11	267
30	346
245	259
496	345
164	262
443	335
284	286
245	299
362	305
282	323
405	267
27	313
439	307
148	340
17	344
395	315
158	274
335	286
413	333
372	347
147	318
460	272
264	310
442	276
171	297
74	254
80	288
488	254
426	307
109	322
190	335
394	307
235	262
205	302
402	256
113	324
127	336
22	289
131	269
170	266
371	259
308	311
422	322
149	323
241	272
120	303
399	330
385	291
318	306
184	325
307	255
161	348
344	334
46	275
440	329
377	340
212	293
273	261
380	308
249	316
323	302
72	337
66	311
238	273
169	303
368	334
378	264
41	303
121	315
438	312
30	270
76	333
13	265
394	338
160	269
47	325
268	338
377	264
195	262
279	270
406	279
485	335
133	303
143	277
423	312
64	289
33	297
25	266
132	273
124	299
146	347
412	295
207	272
258	282
211	341
279	298
277	330
88	274
88	280
117	293
48	254
360	340
24	275
39	304
62	349
449	284
455	272
34	311
311	269
168	251
406	281
76	292
74	280
381	261
127	317
405	250
445	262
56	310
286	284
418	338
152	284
26	318
109	250
265	307
415	334
332	322
27	309
323	345
167	273
164	338
485	308
384	300
149	264
35	340
205	306
5	283
456	277
443	326
332	279
81	301
272	283
409	282
478	289
350	279
158	284
409	254
356	292
151	346
351	344
309	284
286	335
371	311
198	311
102	282
477	290
170	260
432	255
290	335
149	301
167	332
170	252
453	273
139	256
415	262
85	303
124	346
295	308
117	306
375	251
234	277
75	311
148	281
242	341
7	302
378	332
77	278
253	250
325	312
291	267
29	346
43	261
188	346
32	268
311	344
474	270
29	314
8	258
392	303
474	340
283	347
23	299
426	268
419	263
194	291
319	320
140	290
16	268
25	305
220	343
42	293
320	297
399	330
309	252
10	345
80	342
190	329
174	296
467	297
297	308
438	321
389	320
461	278
458	252
456	262
23	260
104	348
46	293
364	336
89	255
425	263
63	328
447	276
483	266
360	297
424	267
344	311
66	282
178	309
178	284
202	311
190	276
300	280
190	253
60	294
80	342
88	339
489	309
334	290
115	295
288	251
144	251
431	297
172	258
470	349
149	275
112	268
326	340
380	320
416	326
375	307
316	283
319	287
106	277
232	270
333	338
205	337
153	285
397	304
276	293
162	298
459	293
17	255
278	273
93	262
360	267
211	340
429	266
271	295
99	285
294	265
203	261
199	296
145	323
193	324
302	302
5	295
363	306
210	315
162	280
369	291
102	313
367	266
72	333
15	281
470	257
229	250
422	317
496	321
108	284
219	328
272	270
70	333
482	250
51	254
498	283
130	338
261	279
50	335
472	346
253	278
38	317
227	326
277	338
72	276
224	314
148	295
161	285
277	315
115	324
194	302
483	282
219	259
216	289
10	271
101	278
163	251
66	342
496	349
223	261
401	338
407	273
373	272
389	284
48	323
179	309
440	301
381	336
459	342
455	318
301	289
479	329
353	324
16	250
427	277
89	270
325	262
458	348
80	254
429	338
79	316
274	306
220	323
45	274
334	334
42	273
167	343
94	264
459	347
424	299
390	252
410	272
45	274
355	288
447	296
46	349
244	255
373	313
196	304
55	329
295	296
215	289
50	293
452	280
348	279
402	321
147	296
382	291
248	288
154	272
465	338
161	282
118	250
135	313
491	308
491	296
194	280
111	256
225	302
257	298
467	298
269	278
394	341
439	290
341	250
30	287
386	271
330	316
132	333
349	291
42	320
324	317
343	338
105	266
65	257
202	274
299	341
300	343
429	276
466	318
332	299
429	250
295	313
367	320
344	257
497	282
79	257
430	292
190	250
287	290
421	311
399	343
452	257
104	304
443	328
123	281
315	266
356	338
312	321
69	260
344	319
442	339
232	305
242	308
132	274
54	279
132	255
426	282
378	302
128	299
434	262
303	339
96	285
284	253
409	319
89	324
276	306
245	322
256	287
10	303
445	331
335	285
167	314
3	302
205	340
283	268
254	305
212	328
436	340
183	310
362	260
413	274
493	272
106	320
388	348
197	347
340	309
436	312
377	264
290	264
202	287
197	335
269	298
75	307
418	327
186	347
320	307
479	328
329	332
425	295
323	270
499	253
148	287
9	292
385	280
309	316
370	267
92	315
154	275
469	325
445	349
365	265
8	339
410	259
5	291
498	348
322	314
484	312
123	295
150	283
95	304
500	261
153	296
288	345
312	261
273	326
357	332
146	287
44	284
378	322
148	283
324	315
436	276
365	346
380	291
122	297
329	341
387	349
277	300
328	338
409	300
253	263
180	269
338	348
390	279
87	311
447	254
54	282
365	285
388	301
445	267
196	345
83	278
386	286
213	342
233	267
46	306
266	348
490	281
294	305
426	349
392	335
428	253
47	334
433	310
352	250
442	275
128	315
416	332
221	281
265	289
375	267
49	339
91	323
409	316
196	276
143	318
27	317
353	260
67	316
197	300
255	327
400	286
253	270
461	316
480	309
286	294
488	270
384	306
384	256
230	261
461	302
470	337
473	330
248	329
94	335
169	253
57	291
183	265
202	274
55	335
283	299
13	309
284	259
199	287
259	265
154	287
276	332
222	348
444	342
54	267
266	269
175	296
78	303
48	279
257	342
5	309
88	255
32	318
215	348
494	289
495	262
164	313
255	339
169	259
496	298
399	328
442	320
334	306
11	343
328	323
314	311
472	316
111	288
367	300
347	289
407	318
362	323
19	300
225	252
236	258
266	321
4	336
393	275
159	347
70	337
238	278
482	346
476	260
376	290
192	314
360	305
135	284
83	290
373	268
137	325
328	341
335	341
207	338
118	304
289	330
255	321
307	288
308	259
40	268
390	318
170	310
181	342
471	325
409	289
20	336
91	318
272	272
212	348
112	270
282	276
342	307
245	321
437	264
115	262
443	312
442	313
416	262
230	252
476	258
327	275
266	291
4	312
396	265
446	268
368	262
282	304
392	281
418	266
83	316
482	341
109	251
28	339
86	333
302	301
267	259
392	308
416	277
389	347
222	291
365	269
66	254
437	311
77	349
493	321
61	304
334	253
115	301
399	348
91	258
70	296
432	259
178	347
404	317
264	281
293	311
439	286
270	252
302	327
325	259
297	342
479	322
166	256
329	332
235	271
434	254
206	341
77	274
364	270
29	250
187	283
116	335
259	273
162	296
109	305
208	307
161	268
298	296
389	255
168	287
448	331
172	257
143	325
487	254
436	325
331	299
414	337
238	299
161	285
325	258
332	266
422	343
434	322
8	319
299	277
484	326
101	289
9	283
444	317
420	261
19	296
80	264
183	288
445	280
450	277
136	269
376	264
391	315
131	251
441	303
177	270
74	299
461	304
6	313
309	307
24	271
332	305
400	339
121	296
79	324
272	336
297	261
393	286
497	332
195	281
198	260
6	332
316	337
173	324
418	303
202	255
376	296
269	330
13	252
281	330
493	303
95	326
485	348
220	262
432	349
395	304
212	302
321	255
429	276
57	304
162	320
101	276
152	340
102	254
104	337
296	277
118	302
324	276
127	318
448	317
177	287
344	286
424	276
179	303
355	298
34	344
402	304
379	344
417	273
319	334
323	316
168	278
163	320
34	274
302	258
106	333
107	267
137	299
95	316
252	312
277	305
177	255
261	252
303	322
39	333
69	299
400	327
174	293
440	309
337	302
266	301
482	345
222	274
127	285
234	321
52	313
247	312
383	250
165	329
164	323
233	252
250	273
388	259
398	286
306	327
365	282
101	304
58	260
495	349
310	336
158	262
279	282
447	267
170	257
301	304
29	285
230	306
215	317
39	321
393	341
242	322
382	260
497	339
79	300
358	299
348	302
175	309
284	316
79	294
108	262
207	310
117	279
63	294
96	307
293	333
463	292
47	339
22	304
145	322
240	269
302	339
212	331
388	287
175	331
372	268
363	276
487	331
303	341
488	337
267	325
398	345
71	293
163	256
152	336
269	257
2	348
107	253
446	322
127	255
30	289
215	307
372	318
146	313
244	328
21	305
420	284
158	276
376	301
118	335
356	280
273	312
32	315
194	285
65	313
12	311
250	344
422	292
143	338
57	294
133	298
109	268
270	274
301	284
386	289
107	311
47	345
21	317
267	284
109	251
72	286
127	319
26	322
114	310
182	254
48	274
75	314
422	274
391	330
471	254
247	281
181	295
207	325
233	284
108	278
121	279
98	308
332	265
434	315
231	329
36	317
114	293
92	281
263	347
166	335
352	320
150	320
76	308
247	326
14	259
227	319
456	272
172	281
194	340
162	309
166	290
474	303
258	346
247	295
116	316
369	336
409	302
364	250
157	340
492	321
4	294
16	349
147	298
115	333
46	336
350	335
26	327
281	326
451	314
397	329
310	266
373	293
262	274
393	329
495	331
294	328
155	343
145	272
17	302
59	326
166	284
64	340
17	311
188	282
224	331
74	335
311	313
476	253
173	261
264	269
59	277
272	309
128	289
256	323
278	347
85	287
85	303
394	288
453	324
415	308
379	265
484	279
137	304
361	339
176	346
434	294
43	267
168	303
326	287
275	262
266	273
496	271
20	281
170	287
395	348
349	281
328	329
134	293
403	250
176	280
312	324
321	330
313	336
338	275
37	344
355	290
290	294
209	340
431	280
314	335
408	293
342	326
57	320
88	260
483	267
235	254
4	256
466	320
478	349
364	296
216	309
439	296
113	303
272	279
204	264
308	299
445	332
139	260
213	274
340	317
306	261
355	258
51	273
316	252
91	309
287	345
381	304
449	322
56	316
8	323
454	256
289	311
361	282
421	255
319	257
321	286
266	326
307	307
246	284
130	332
468	292
473	336
144	267
105	261
227	336
281	322
463	314
274	293
48	288
483	331
112	274
21	332
274	269
398	255
121	322
18	265
137	297
98	273
357	327
359	270
376	339
393	322
233	337
3	311
190	254
35	269
3	303
249	341
413	262
178	341
320	311
95	266
415	338
259	325
391	301
466	316
372	288
98	272
171	295
413	342
156	277
122	255
173	256
2	330
237	321
267	262
88	255
265	303
97	345
213	333
35	320
170	347
306	274
248	264
391	284
229	282
4	327
177	339
278	268
474	275
186	304
315	267
395	259
134	255
288	296
237	333
24	273
18	281
225	279
60	287
153	301
193	264
119	336
192	331
292	302
179	265
124	337
79	280
178	268
37	299
345	282
114	311
189	283
306	327
481	264
7	313
416	255
402	314
472	319
21	314
471	290
206	289
12	269
130	250
212	335
204	324
450	281
249	282
230	305
138	326
213	282
341	306
20	292
285	320
9	319
302	285
438	291
97	337
193	344
183	314
106	310
38	268
311	268
401	291
122	348
116	326
449	320
231	255
496	349
198	333
155	279
6	320
399	277
346	333
313	305
55	304
418	265
25	279
483	253
47	343
137	324
160	266
337	258
34	337
493	335
143	296
454	337
114	264
481	342
31	289
358	319
242	260
406	324
271	304
313	329
369	251
497	321
442	303
496	263
187	294
340	338
116	286
327	340
412	347
194	343
63	289
328	330
126	281
391	341
156	298
19	263
365	322
149	301
456	348
499	298
226	349
229	349
78	298
461	299
419	322
21	252
63	293
18	332
306	297
257	284
119	266
380	298
88	250
165	323
205	342
475	265
427	337
15	318
52	336
312	250
435	337
131	251
369	267
446	273
55	262
68	258
72	320
66	289
4	253
270	291
15	342
335	266
77	264
155	337
341	344
248	254
216	315
217	337
158	342
386	280
396	280
314	342
423	272
83	259
482	320
490	327
479	347
133	291
364	291
264	341
377	252
304	317
272	279
459	257
203	293
36	314
311	347
277	258
246	340
341	280
404	290
432	271
17	334
38	336
399	344
293	337
195	252
70	330
291	288
113	272
246	344
313	337
74	326
31	263
57	289
362	283
403	255
180	302
70	332
441	336
354	347
342	262
21	297
199	347
191	301
225	342
4	301
267	325
200	344
58	265
225	294
91	291
225	292
325	287
413	313
186	335
233	283
87	256
500	329
47	273
293	269
469	335
295	306
122	286
30	311
495	267
8	323
355	274
214	306
114	254
96	311
421	269
267	276
341	274
41	324
425	289
117	253
107	263
291	322
444	314
438	266
500	331
208	253
427	332
426	320
225	290
6	266
78	284
427	301
233	310
286	268
494	292
313	258
84	344
395	332
433	264
155	252
250	273
457	307
228	304
364	267
171	264
62	290
475	272
73	317
18	254
209	259
266	271
204	304
237	286
243	276
335	257
234	311
60	275
125	314
148	300
340	325
321	277
24	265
50	336
216	328
6	269
334	331
246	296
464	315
132	298
331	306
490	302
120	306
127	334
352	297
497	258
465	266
56	331
440	255
211	279
415	267
123	299
84	300
191	342
415	333
32	328
272	263
494	349
365	265
400	323
212	287
72	327
256	337
43	333
204	258
314	318
296	302
90	295
251	345
491	335
455	258
482	320
165	289
492	265
453	256
72	283
490	259
362	273
376	260
133	311
249	265
273	322
192	274
230	271
93	302
185	316
103	315
23	302
106	252
94	337
258	282
206	346
95	292
364	314
493	259
392	270
363	262
280	275
410	254
403	283
53	291
92	344
176	344
32	296
311	306
418	295
121	302
473	270
93	261
34	277
273	319
247	259
127	342
169	266
129	327
60	334
108	267
74	308
85	314
181	252
367	272
255	265
62	281
25	309
363	343
361	279
483	255
265	271
482	252
386	304
414	301
427	302
238	293
420	278
266	267
32	314
114	340
359	346
103	255
489	304
385	262
62	334
235	323
54	267
416	260
99	252
363	344
313	296
25	340
356	274
222	277
246	298
145	305
369	311
231	333
87	301
147	342
405	290
343	341
287	325
283	251
424	299
369	337
38	334
368	312
180	259
202	346
420	308
432	319
342	331
473	320
379	292
177	304
159	280
315	348
354	309
237	340
282	339
19	266
495	349
339	295
25	259
498	318
54	272
81	273
430	331
103	257
135	284
202	270
166	310
460	277
137	273
304	321
374	292
109	322
330	317
144	333
239	310
369	316
139	297
207	306
161	260
474	297
327	285
434	303
36	265
125	260
411	278
67	334
287	340
286	345
248	312
228	327
403	328
95	313
369	263
440	330
364	298
472	302
253	328
478	274
474	338
62	256
373	346
483	257
224	291
321	274
447	284
487	259
456	302
143	318
477	325
50	294
203	279
98	262
276	310
363	340
224	295
409	302
288	328
320	323
357	269
496	338
173	268
125	343
466	315
475	292
205	256
196	256
353	343
172	345
196	256
206	264
145	348
304	295
268	306
228	270
305	324
127	260
407	306
114	298
7	289
466	289
385	303
312	295
279	313
166	265
248	318
488	348
406	271
122	290
172	313
422	301
239	275
203	293
164	307
300	251
174	256
457	323
159	273
103	340
166	295
154	280
215	283
470	297
310	329
338	328
130	286
2	285
114	274
159	283
434	327
117	258
216	252
426	255
313	347
172	328
449	306
401	315
179	322
223	306
244	333
10	295
200	332
392	271
16	290
262	345
232	268
437	254
298	337
292	310
240	312
276	280
488	323
62	307
387	253
288	272
245	327
396	293
136	333
400	330
147	327
137	279
285	312
41	332
382	341
335	320
31	322
203	312
352	260
13	275
246	336
459	331
206	294
187	345
294	264
417	330
428	261
405	301
336	275
213	338
245	330
246	281
189	288
272	264
244	273
312	322
443	287
192	320
194	286
370	324
156	345
224	323
224	306
450	302
78	283
463	296
107	309
304	256
464	282
462	257
34	280
271	349
190	319
137	264
397	287
214	304
482	311
435	267
204	300
318	334
209	281
373	261
394	334
174	277
318	278
163	271
432	316
171	310
94	316
299	291
202	289
383	342
84	315
63	267
316	318
229	316
118	260
68	291
123	262
328	295
15	309
58	253
275	309
84	276
151	314
323	265
384	303
173	273
229	342
208	346
392	315
224	273
188	310
312	348
415	317
101	343
332	254
119	250
447	280
335	336
365	327
399	250
440	294
374	346
163	269
373	337
377	287
431	290
229	302
230	322
124	291
358	321
396	252
238	262
419	271
79	318
492	285
296	300
26	332
254	272
265	328
402	301
183	259
458	296
38	292
151	280
104	256
298	320
155	331
480	323
413	295
7	333
414	302
24	265
36	281
173	303
318	310
50	273
169	301
412	279
78	349
86	342
89	318
379	255
455	273
460	308
199	314
178	251
128	265
115	334
299	303
322	336
415	286
166	327
242	265
42	315
287	311
316	281
207	278
363	336
264	301
342	264
7	336
473	293
370	257
32	295
401	290
80	338
480	254
15	272
90	250
8	327
8	262
119	346
114	335
493	253
3	284
473	266
69	347
178	257
355	291
204	322
132	324
4	304
423	317
210	268
34	290
271	271
48	339
114	314
252	299
294	296
14	279
129	298
290	258
185	261
153	285
184	286
58	259
441	328
414	275
285	273
5	268
114	346
360	261
233	262
238	344
493	291
146	288
396	257
31	284
328	315
176	347
430	297
224	327
263	310
283	251
381	309
154	254
284	324
350	281
315	270
373	268
73	270
467	342
173	288
34	341
333	319
306	296
219	259
469	270
230	285
50	342
59	255
73	271
259	314
309	269
332	340
274	298
444	257
107	319
295	334
460	279
406	287
132	303
176	263
381	302
477	273
69	285
244	267
155	281
144	343
467	314
228	255
139	303
242	288
217	269
292	325
53	328
429	286
324	257
436	298
365	285
124	257
309	262
288	321
72	300
187	264
182	253
397	343
130	343
257	345
61	284
260	276
435	275
299	316
128	257
426	286
342	342
16	287
256	320
159	281
376	338
420	295
242	327
277	285
385	336
478	328
224	279
369	322
24	268
380	300
481	331
271	346
72	287
82	309
433	321
258	293
231	261
432	273
297	260
68	337
149	256
270	340
457	304
487	275
69	337
82	311
261	275
336	282
103	284
324	314
57	310
357	304
267	279
258	341
420	262
83	278
38	251
175	306
136	279
431	301
324	253
