91	325
101	312
55	276
99	322
10	348
104	258
49	311
45	273
48	261
111	337
72	326
62	340
67	306
107	318
48	330
95	292
83	284
107	338
108	340
14	280
2	257
35	286
10	345
18	293
57	304
72	308
43	298
91	348
86	310
4	264
111	347
7	253
13	281
42	300
108	300
119	330
89	326
110	315
27	284
69	285
65	256
56	336
75	347
15	346
4	269
93	340
39	313
28	325
39	339
35	270
13	282
22	271
54	329
54	345
11	341
7	307
117	285
21	261
25	339
114	284
74	281
108	330
27	306
93	286
36	334
112	300
114	265
78	274
99	305
15	265
95	339
1	251
13	343
29	344
110	349
82	278
80	348
28	298
72	275
92	289
101	268
70	309
79	310
115	275
98	342
35	341
100	338
86	335
73	252
13	264
85	306
43	311
50	266
40	293
56	279
113	271
15	260
115	291
65	301
91	285
87	272
24	336
118	290
51	320
12	313
74	340
16	348
24	257
39	339
53	275
104	262
111	281
55	273
81	252
64	328
73	327
63	305
16	348
45	325
86	261
6	334
73	279
116	313
74	332
58	320
85	272
12	338
80	344
30	255
2	269
118	279
4	307
46	279
85	277
100	251
16	270
109	298
98	251
16	347
39	273
43	276
74	258
21	316
29	337
36	315
114	277
81	270
97	291
63	337
56	320
58	285
1	316
51	337
2	281
100	346
96	335
84	275
84	254
65	339
94	298
31	314
49	277
10	290
61	330
32	328
83	285
70	312
71	341
43	348
50	280
117	313
111	319
85	307
63	262
5	252
90	259
51	290
94	272
116	277
39	289
39	338
59	329
76	265
49	306
33	324
35	285
101	347
111	323
64	316
99	318
20	299
47	303
84	306
87	329
12	319
8	317
50	340
16	333
85	325
106	260
89	310
108	338
116	254
66	318
107	272
5	265
58	337
60	345
105	314
13	262
39	276
62	330
3	273
74	285
8	259
21	337
76	292
70	277
37	284
58	345
6	259
114	267
46	278
47	340
11	257
43	343
99	329
112	329
60	342
61	301
116	271
36	272
98	302
24	268
81	296
3	347
3	286
80	329
4	264
15	315
79	291
110	337
81	258
106	336
43	347
2	267
96	286
60	347
1	253
88	341
41	338
1	316
116	333
101	257
75	253
3	327
117	326
5	264
71	335
31	257
100	338
40	302
49	349
100	264
107	297
24	275
118	265
115	271
108	310
9	332
97	339
44	342
100	301
95	282
120	256
70	273
85	286
21	252
82	265
8	332
59	310
97	286
101	273
66	256
77	253
81	320
50	296
48	347
110	281
42	298
36	284
71	348
45	291
80	308
50	347
88	296
96	298
36	255
14	261
31	269
118	334
72	296
57	348
68	278
63	273
56	303
48	326
118	275
18	309
45	344
47	298
68	274
83	335
78	275
72	320
32	310
17	304
74	299
45	256
120	278
70	280
34	334
58	332
57	332
99	302
80	284
88	321
3	330
118	316
110	321
77	341
82	259
54	254
98	313
44	344
30	282
111	263
38	257
8	319
18	277
59	315
32	297
60	343
28	269
103	347
49	252
30	254
110	277
32	312
34	270
31	335
32	319
89	347
90	277
34	322
112	255
72	283
12	310
61	276
4	256
57	348
4	332
65	290
44	330
26	250
6	278
51	323
75	349
44	335
112	277
46	265
53	340
33	254
45	250
56	294
46	258
102	292
2	274
44	268
45	343
68	329
39	274
119	264
7	318
33	254
17	274
65	264
120	300
105	342
108	312
35	342
112	319
117	257
87	320
28	307
43	270
117	263
109	308
37	297
16	338
39	334
73	305
107	348
117	280
99	307
80	349
86	262
111	251
23	318
99	333
56	259
28	304
47	307
113	343
84	284
32	301
32	294
97	341
95	311
34	321
78	255
80	290
14	254
32	253
101	348
82	323
71	276
15	292
29	275
98	282
45	280
114	301
58	271
110	316
45	285
26	296
35	266
2	281
75	250
110	258
13	257
2	290
3	296
30	296
107	277
49	329
87	324
32	301
119	261
77	293
36	338
56	271
86	348
27	348
58	326
57	301
19	348
92	305
115	251
14	262
41	286
64	260
87	260
67	308
85	295
24	347
100	303
55	297
81	310
97	295
72	329
9	316
63	300
28	299
64	309
112	325
13	327
75	333
83	278
60	285
113	331
72	273
12	321
103	324
93	272
15	317
51	334
54	250
88	281
61	292
28	329
34	330
58	292
86	313
29	281
30	279
16	276
16	326
71	320
48	334
99	285
52	339
6	322
40	316
19	276
7	337
65	256
7	290
111	281
75	330
61	282
120	281
106	335
22	278
1	313
110	310
45	287
27	288
63	291
4	255
19	251
80	296
102	328
74	256
94	265
49	255
74	318
79	309
21	279
27	301
30	321
76	322
63	280
98	279
57	279
40	334
57	331
65	333
77	313
24	319
21	277
12	303
48	295
107	310
107	342
7	285
84	324
91	340
2	333
20	337
113	327
67	268
99	316
89	342
101	271
77	337
32	328
74	266
45	257
36	299
66	343
45	265
92	335
26	274
59	306
115	334
56	254
119	258
95	305
93	292
64	341
30	288
75	345
118	264
115	276
116	310
40	333
60	287
81	298
90	335
16	310
112	257
53	266
49	268
115	266
63	300
100	255
1	339
114	336
96	324
111	274
14	281
38	263
49	288
57	315
21	325
49	276
55	300
87	284
2	314
31	311
46	329
7	271
117	256
120	282
110	286
18	262
21	264
116	284
118	311
41	293
116	252
20	261
45	280
54	303
61	287
76	307
74	311
16	338
117	321
97	251
51	331
67	311
116	250
109	264
68	340
13	318
4	264
115	278
7	280
17	268
54	296
107	311
6	294
27	281
62	291
9	337
99	333
44	344
23	333
110	338
82	256
5	256
93	316
68	345
91	312
7	285
105	338
101	329
113	314
83	312
116	266
106	325
60	341
63	254
23	288
21	278
11	326
102	277
45	257
103	261
20	312
93	346
21	294
78	298
12	297
26	271
115	296
76	282
51	283
54	348
110	279
89	288
2	312
4	303
42	344
99	315
32	256
7	287
19	347
60	295
38	276
24	282
10	306
29	272
11	291
1	314
19	294
44	328
86	308
41	285
41	280
107	306
47	299
111	272
56	324
50	271
117	343
54	346
98	342
66	294
91	261
86	314
4	296
53	254
22	296
71	299
22	278
61	300
67	343
120	292
17	273
56	311
115	320
9	346
79	254
5	251
103	326
26	302
88	313
29	299
26	336
86	272
21	346
113	306
7	330
14	300
62	252
7	315
95	256
74	289
73	290
94	334
89	264
119	269
60	337
59	260
79	273
120	332
78	306
39	279
33	257
21	266
37	347
73	308
3	252
61	269
93	329
69	342
71	326
44	310
105	262
4	323
112	276
78	280
91	328
120	347
91	318
24	256
118	324
51	275
104	306
82	345
43	326
52	321
81	290
79	313
18	340
107	311
94	291
69	293
63	297
10	263
70	269
85	339
43	290
97	319
15	289
60	265
94	288
32	326
90	339
88	284
16	262
60	252
38	337
46	345
16	297
29	283
106	321
36	317
57	295
52	342
31	340
111	293
17	281
94	314
95	267
79	288
16	263
23	276
30	305
86	256
61	327
96	269
87	257
62	282
86	347
118	258
105	289
107	276
103	348
87	258
116	306
83	311
22	260
117	337
53	301
89	272
6	340
2	316
17	272
110	292
18	258
5	323
34	308
118	329
74	267
35	288
94	281
64	263
64	304
61	260
78	304
114	255
91	305
81	302
62	341
51	284
15	314
21	297
53	279
44	345
62	320
95	253
72	288
89	287
45	263
44	310
65	349
22	315
56	296
107	271
11	309
111	298
20	269
40	324
6	294
107	339
65	300
78	314
36	301
58	309
101	333
67	288
119	342
110	258
52	304
19	331
106	309
13	334
11	266
59	344
2	279
64	299
19	332
63	257
32	297
61	302
28	264
27	256
67	291
97	256
14	277
82	280
82	301
70	337
37	278
60	326
1	339
8	283
38	330
97	334
66	313
43	280
61	322
85	278
32	268
53	252
26	285
114	266
52	343
24	295
59	282
27	324
49	335
111	324
69	264
33	329
43	322
100	316
1	268
88	295
77	293
50	280
1	304
61	254
94	277
76	277
49	253
109	264
52	276
47	269
64	270
3	344
91	342
86	286
56	268
118	321
113	347
67	317
101	333
8	339
111	250
32	283
7	280
98	252
64	347
2	344
61	269
82	318
72	258
89	336
26	323
94	262
85	304
62	256
117	329
94	264
83	253
31	328
119	315
13	306
4	252
28	335
56	322
102	265
91	284
100	277
83	326
16	263
61	295
62	305
74	274
102	281
102	288
106	347
114	338
113	316
119	292
35	302
20	304
90	341
65	335
64	298
18	347
115	279
116	288
46	313
26	264
33	320
85	261
19	322
86	259
106	328
48	258
53	320
75	306
25	330
56	334
91	316
82	335
73	275
1	304
102	317
120	315
118	299
112	297
76	344
27	328
60	252
63	258
32	334
90	260
99	263
15	343
91	339
51	257
73	340
51	348
7	320
96	312
14	346
75	279
66	288
113	287
32	296
71	261
50	250
36	289
49	254
55	312
40	261
6	347
77	338
69	271
45	285
8	263
69	255
81	322
18	322
53	338
80	324
76	270
58	348
1	286
80	271
22	264
36	280
60	295
102	281
55	255
48	264
25	293
104	261
36	256
30	334
34	335
69	341
80	324
17	313
8	312
19	318
59	293
26	341
118	251
31	320
113	325
30	344
11	256
16	345
108	348
17	292
16	306
109	301
6	316
70	304
88	323
56	256
2	298
43	304
25	259
74	269
38	279
12	326
105	272
61	257
16	341
76	321
11	298
55	340
20	342
21	335
39	319
76	342
2	334
111	336
102	309
37	251
2	256
117	316
5	294
76	275
30	321
53	311
43	344
5	336
33	278
41	291
40	325
104	291
104	291
62	331
37	328
81	269
81	314
89	260
85	289
60	275
79	311
89	345
3	263
107	292
83	268
88	261
103	284
56	268
87	302
103	251
81	278
59	303
44	344
53	285
19	262
62	341
91	283
4	258
30	270
30	343
16	259
78	305
38	292
2	305
60	264
92	298
118	293
83	330
16	306
96	275
76	285
97	286
2	303
29	314
68	333
30	295
51	338
81	333
38	340
98	336
9	303
42	300
83	337
48	270
91	287
119	273
50	264
93	308
39	294
6	313
63	332
10	276
36	311
72	326
104	298
70	266
85	342
61	337
50	284
23	259
93	285
83	305
12	329
110	266
65	334
61	324
65	259
38	327
77	301
68	266
94	308
46	260
98	311
78	279
107	323
66	343
88	325
45	326
17	345
109	283
39	265
103	334
2	337
67	307
97	265
59	300
43	316
96	257
102	277
76	255
31	297
80	301
84	288
98	297
77	250
107	275
29	338
77	338
82	265
38	325
34	349
84	328
36	322
50	311
66	294
2	347
60	251
49	289
8	274
104	283
54	323
4	300
7	281
5	336
27	283
15	303
72	255
103	313
105	251
56	254
45	284
62	308
27	323
69	316
63	289
65	279
47	265
45	339
44	287
58	267
16	276
112	258
53	342
14	318
45	260
96	289
27	342
86	304
70	345
50	332
43	252
28	259
103	317
102	294
42	334
56	267
98	282
87	307
7	349
62	269
90	262
3	304
44	264
7	282
70	278
44	258
114	331
35	348
72	300
78	321
111	324
81	346
117	348
46	309
108	340
79	342
66	273
3	309
82	299
5	267
62	267
5	326
65	305
94	323
92	274
87	279
4	250
36	292
22	291
100	313
63	279
70	273
12	294
67	304
8	332
86	272
85	327
61	253
33	347
65	339
25	329
79	307
27	289
79	309
94	297
49	253
85	327
117	296
109	309
32	270
23	285
45	250
64	345
93	337
50	337
51	275
2	297
81	328
60	316
4	264
115	340
56	346
102	265
61	304
43	308
98	279
48	348
66	256
73	317
65	277
111	294
104	311
40	293
2	276
46	347
89	273
17	324
36	334
77	341
69	338
74	344
46	340
117	330
24	343
34	300
25	320
21	339
79	324
48	274
53	250
29	306
62	306
68	257
27	338
109	344
14	295
96	304
35	259
63	342
27	278
51	300
12	333
119	279
116	318
100	332
9	287
105	316
10	313
22	344
118	344
96	301
101	270
53	312
118	332
89	298
16	288
40	275
2	298
112	316
75	268
24	305
57	268
42	315
1	288
87	304
40	310
17	301
73	312
10	253
23	258
40	346
7	324
4	266
112	332
92	286
82	295
97	315
112	347
8	298
94	340
13	316
117	300
12	340
10	316
36	327
48	281
28	318
115	257
85	261
4	337
33	315
18	268
89	331
3	299
11	282
22	306
120	294
78	346
9	295
77	330
92	322
61	253
3	315
9	297
59	268
113	267
30	306
8	327
20	262
56	300
88	301
103	278
87	271
60	324
98	325
66	298
93	318
94	324
85	309
80	333
49	330
29	327
93	251
90	331
106	264
15	329
47	319
20	260
39	328
86	273
102	287
39	314
100	308
6	259
72	266
117	302
76	251
27	295
86	264
44	335
15	281
44	296
73	273
37	347
117	335
51	318
13	291
54	316
79	253
13	276
65	311
55	284
117	258
102	262
62	342
82	287
71	310
75	293
49	341
71	332
66	320
94	339
95	267
30	293
32	257
54	312
48	296
29	318
70	279
9	312
26	349
12	252
91	287
22	273
107	330
16	335
58	266
46	346
68	268
4	326
57	267
22	311
84	312
99	345
119	255
34	313
80	329
114	263
51	301
32	253
4	294
72	262
111	326
101	293
107	287
65	344
62	301
26	342
78	314
12	279
33	267
8	336
14	338
5	296
61	335
39	338
95	278
44	280
7	274
88	309
86	309
67	317
2	294
85	337
36	277
64	294
74	295
27	308
113	308
46	267
13	325
78	276
52	281
104	329
85	269
79	259
42	282
104	264
11	281
90	255
119	272
75	251
118	303
2	278
78	329
36	256
92	250
15	337
10	349
15	348
29	253
78	325
70	316
44	291
104	290
37	276
14	274
80	331
17	341
79	314
23	260
75	261
6	347
39	313
71	292
81	330
76	270
94	317
16	305
60	253
6	276
47	310
1	288
82	312
104	282
9	326
51	266
38	266
41	348
99	344
70	323
71	307
102	310
11	306
25	273
107	339
113	265
65	341
19	304
81	255
58	275
109	309
110	275
20	344
104	345
93	275
98	329
108	253
55	278
75	281
57	349
36	287
66	333
54	294
87	276
6	328
61	331
88	320
114	267
108	281
2	274
81	329
88	259
13	312
57	290
107	336
19	266
87	320
3	308
115	318
19	328
47	343
89	326
75	265
94	282
49	325
108	334
59	312
36	341
10	260
60	293
52	276
52	281
98	303
44	293
25	306
25	278
47	331
50	337
101	331
22	255
35	260
12	321
109	341
12	324
18	278
6	307
90	251
11	322
69	338
34	319
12	336
12	297
9	328
88	297
104	324
21	279
79	306
94	294
115	294
76	344
50	264
22	298
46	317
48	265
28	270
53	319
118	331
3	285
36	299
69	278
79	342
9	284
17	342
113	262
95	288
110	318
48	259
43	269
36	316
33	328
48	325
97	333
69	254
96	277
51	278
60	295
14	274
87	257
23	257
116	299
88	283
39	255
99	305
64	285
65	287
77	294
57	273
47	327
19	319
101	270
39	334
117	345
106	320
6	266
70	323
53	280
78	309
75	304
91	326
67	311
10	300
12	261
41	312
17	250
4	334
45	280
73	271
103	257
36	333
97	332
30	294
24	346
53	318
43	317
113	332
89	287
115	315
99	314
24	285
10	309
23	263
106	317
5	338
17	278
82	299
73	302
29	334
74	293
109	260
46	338
45	349
89	318
77	262
79	322
98	312
96	266
30	319
98	292
39	277
112	280
98	322
17	271
11	260
17	282
97	288
86	327
23	277
81	299
80	254
67	259
101	253
11	268
80	278
64	344
3	291
82	289
86	256
94	307
34	322
14	283
16	284
74	293
84	269
54	255
62	319
25	255
63	296
102	295
16	316
61	298
97	335
81	347
71	343
31	321
5	300
98	332
86	312
108	267
95	336
51	313
87	259
110	270
75	269
36	339
37	277
98	337
110	334
93	291
20	291
88	342
50	326
90	324
3	295
65	290
58	280
25	297
34	333
91	284
61	273
45	302
88	266
92	313
104	329
47	259
12	263
5	336
59	339
25	326
27	318
56	331
96	346
98	344
28	266
117	330
74	250
48	324
4	254
114	273
54	342
89	326
95	303
28	337
116	255
4	313
58	255
83	326
99	305
4	254
70	283
71	333
14	266
5	330
40	329
43	312
110	269
37	258
44	283
36	308
111	265
87	332
69	321
69	250
14	262
117	255
47	269
41	290
92	321
51	312
116	255
106	252
57	302
69	295
111	269
28	325
104	265
83	292
76	250
55	301
25	278
120	302
20	348
93	261
14	290
76	325
49	261
2	251
120	267
6	259
6	324
31	291
119	301
97	277
33	297
57	323
66	337
97	291
59	298
80	298
108	285
35	316
57	261
96	324
119	296
53	284
65	323
44	265
86	343
27	283
102	268
75	346
63	318
93	309
108	281
82	286
83	335
69	271
87	289
3	303
100	317
25	276
52	303
11	331
59	286
48	281
8	269
12	348
100	302
70	300
120	300
27	324
95	307
38	295
24	267
82	315
24	274
29	293
30	333
60	274
96	275
50	310
93	283
105	252
12	307
11	263
99	289
71	314
52	336
55	310
39	293
84	283
100	270
106	252
57	309
57	296
54	253
61	284
3	276
65	342
80	338
51	269
63	313
46	291
18	290
89	283
12	256
100	258
58	334
16	264
42	278
29	251
14	336
104	333
47	323
44	300
89	271
42	304
21	311
15	267
54	257
70	276
68	279
112	272
18	316
19	286
100	281
14	301
13	309
85	270
63	259
75	278
85	259
106	344
111	346
22	305
85	255
36	320
54	280
45	319
61	303
5	308
104	329
62	309
49	256
64	272
120	259
25	284
90	258
15	346
46	296
103	314
40	269
59	321
19	264
89	255
82	261
85	259
107	291
31	339
117	307
85	300
39	336
49	306
80	289
49	266
31	258
101	277
23	315
87	279
110	337
99	329
22	308
27	336
68	325
4	302
26	309
30	334
35	274
4	344
118	314
79	309
22	283
95	294
27	325
56	343
27	348
94	338
16	303
30	267
96	316
28	307
103	331
105	338
66	277
86	286
34	341
114	294
106	335
35	256
48	258
31	289
66	250
74	305
89	263
95	286
119	253
106	252
106	284
34	347
45	348
61	291
100	260
53	349
66	274
112	347
99	340
14	315
32	295
106	284
3	311
18	345
62	320
119	334
108	272
88	281
94	288
84	314
46	293
52	333
54	267
88	258
25	322
28	272
100	345
74	286
92	339
26	347
60	323
1	279
71	266
99	283
94	330
107	339
37	277
89	279
97	318
94	343
54	270
104	312
30	312
69	337
89	305
108	298
96	331
76	310
70	304
64	282
3	285
41	251
110	267
38	265
112	329
16	288
74	274
66	265
87	327
78	255
23	349
108	294
34	250
95	326
49	314
66	285
63	323
63	326
6	273
12	305
73	285
109	310
5	288
60	340
74	325
75	254
65	334
80	325
35	318
112	316
97	263
93	286
95	274
119	349
115	309
15	275
83	258
91	276
92	288
32	349
79	262
8	272
43	319
80	311
50	328
64	291
35	336
18	303
12	256
48	251
41	274
107	251
1	347
52	258
23	263
83	263
40	257
69	327
72	349
101	253
60	272
105	348
105	328
84	250
12	328
107	282
92	262
115	282
56	330
88	299
118	324
7	279
73	252
27	297
6	274
41	322
105	312
4	253
18	274
101	313
67	265
79	296
21	290
101	284
54	254
72	313
26	340
65	332
104	308
32	319
7	290
64	260
104	280
22	349
65	295
108	277
62	265
89	273
97	252
7	262
51	339
67	311
96	304
99	311
11	315
10	322
61	310
27	317
68	295
10	298
103	275
111	251
61	271
18	256
30	302
67	348
100	314
36	342
16	315
12	315
36	333
45	283
3	255
17	305
94	309
104	335
6	257
92	342
23	327
21	321
96	259
35	280
25	275
75	273
119	293
20	328
28	260
78	300
56	274
80	281
43	282
3	254
33	272
37	337
17	257
115	266
4	336
11	288
65	268
67	280
86	315
110	321
36	318
110	300
74	285
101	256
73	276
85	321
19	284
9	319
107	260
41	330
84	298
89	319
111	301
92	278
72	275
113	273
91	270
73	268
23	344
70	324
15	276
29	310
39	265
1	307
35	347
111	332
92	341
49	278
52	272
18	262
66	274
63	330
19	260
99	299
1	339
20	321
89	335
103	256
21	296
60	313
3	287
49	339
95	298
22	303
26	334
95	283
119	331
93	273
4	277
92	280
60	304
119	306
93	349
90	251
115	292
87	339
53	286
20	257
61	269
119	253
111	273
7	346
3	317
6	324
101	345
53	290
51	271
61	270
71	349
37	345
118	348
18	282
78	291
11	347
81	279
78	332
35	321
120	333
101	319
75	269
17	339
76	333
98	325
63	266
32	324
81	285
28	315
42	281
92	315
78	267
20	253
36	333
1	287
2	347
45	329
78	311
3	324
10	289
26	311
77	268
80	269
56	277
9	301
9	272
66	290
26	341
38	329
114	305
109	317
87	291
25	252
34	343
101	321
114	295
19	341
120	251
78	252
98	268
40	293
61	281
20	348
81	345
64	283
44	252
32	277
11	259
88	342
16	253
12	295
63	348
104	343
32	302
71	315
78	257
69	306
101	338
31	318
26	329
11	286
23	349
56	263
102	266
66	271
110	347
79	272
23	334
27	327
108	345
13	290
21	334
72	262
9	312
33	256
53	254
35	285
34	288
107	333
16	289
16	308
50	299
24	278
71	283
2	279
68	308
11	250
78	333
34	280
4	279
4	299
80	262
93	310
41	349
1	267
44	343
89	333
73	330
106	303
15	346
45	279
114	295
115	278
54	325
67	312
85	304
64	340
66	265
11	301
90	290
92	349
47	280
67	276
14	307
35	294
75	302
61	343
82	300
13	263
30	322
87	282
93	261
118	330
101	265
73	267
86	273
29	278
105	308
15	278
104	270
74	265
40	284
83	292
75	339
87	321
74	317
115	267
48	267
21	309
67	291
65	264
73	305
56	299
116	343
117	276
3	278
14	342
10	333
52	345
36	300
89	343
88	340
14	294
36	348
120	256
26	267
40	304
67	306
71	266
18	277
65	317
20	295
95	327
91	281
120	337
81	336
16	263
52	347
93	262
120	325
35	264
60	306
30	280
43	308
32	319
49	282
41	292
84	279
37	282
120	251
13	260
16	262
43	258
56	328
58	297
53	330
104	348
2	325
24	328
64	271
28	300
75	325
42	302
61	318
25	254
22	287
109	337
83	294
19	266
119	344
36	321
86	341
102	268
51	284
104	303
86	329
26	282
25	325
80	341
112	273
43	306
70	309
22	307
60	302
67	335
45	284
73	253
22	348
29	283
89	255
1	285
32	260
10	329
117	315
54	309
108	261
70	287
101	289
100	250
70	296
8	291
25	255
14	334
84	342
87	329
111	315
12	312
14	281
18	279
40	250
4	252
41	349
82	320
83	262
72	326
98	329
30	336
63	287
16	277
25	327
87	321
85	259
17	334
107	265
106	253
74	323
42	317
110	286
66	318
106	344
2	344
20	331
51	271
47	274
17	339
63	256
87	279
79	344
92	294
31	289
87	292
93	315
73	346
104	348
79	323
48	298
80	257
19	267
82	338
73	329
65	321
47	299
101	282
66	255
71	332
67	301
26	309
29	268
19	282
28	320
85	272
112	305
71	276
77	319
16	294
92	271
84	295
91	329
75	347
106	294
96	319
77	318
51	279
9	284
84	309
34	291
73	284
63	268
10	318
91	290
52	308
60	338
26	348
43	336
16	328
94	301
120	307
118	339
61	344
43	342
77	316
18	286
77	279
74	348
70	270
21	341
58	279
120	319
58	264
56	263
26	344
1	292
37	316
8	299
76	348
100	256
94	276
95	309
108	317
18	309
115	284
69	345
58	286
95	313
54	313
120	274
17	336
40	327
83	336
117	331
10	295
97	335
28	268
15	328
117	261
12	304
112	294
48	269
19	254
88	320
78	287
91	338
38	336
11	301
68	257
28	263
78	334
32	294
64	305
59	269
110	267
17	276
102	261
96	283
29	258
37	345
60	339
3	345
55	279
5	262
81	326
114	338
26	267
37	264
11	300
36	344
46	301
73	285
70	340
112	289
32	335
14	338
98	264
38	343
97	322
48	349
13	329
22	260
84	281
89	252
100	255
115	302
14	278
85	267
97	271
47	284
66	337
79	250
72	296
56	302
91	304
27	263
86	292
60	260
14	311
120	302
12	267
4	307
74	327
116	310
53	301
116	335
49	301
40	323
10	331
110	302
78	317
112	253
81	316
109	294
119	318
34	303
100	268
86	335
10	280
112	257
46	324
74	290
88	343
88	296
120	279
29	347
99	312
22	339
41	331
107	263
118	302
113	306
113	290
53	302
69	288
16	337
55	250
86	311
80	279
17	342
14	336
117	303
115	325
112	349
40	275
99	252
90	334
15	270
118	345
102	314
60	262
33	318
80	298
67	328
78	274
34	329
120	286
78	262
72	330
92	286
107	304
70	307
7	317
79	343
9	341
111	346
32	334
84	287
76	316
4	325
78	313
47	304
13	323
9	328
119	318
55	321
54	317
44	325
25	265
26	349
5	320
54	336
29	252
14	254
40	320
81	342
82	294
49	304
118	299
111	335
19	296
101	308
62	316
99	276
74	315
82	322
98	317
81	319
110	290
59	277
7	266
105	314
64	251
68	291
103	303
60	279
23	318
104	327
87	282
52	345
84	261
95	342
13	347
27	274
44	294
37	325
78	340
40	319
95	302
13	312
51	255
93	288
99	333
109	250
28	286
12	303
2	311
8	318
39	318
32	296
113	339
1	345
114	278
103	271
10	317
39	285
97	337
88	305
29	270
46	332
32	316
1	303
76	272
106	281
82	269
115	307
21	328
82	277
63	310
36	318
68	316
97	308
113	333
105	306
16	330
66	326
118	335
88	299
90	258
112	305
81	328
13	270
2	297
4	276
80	325
98	277
82	291
120	296
4	313
6	335
5	323
74	328
68	256
75	289
67	324
99	259
81	302
11	348
26	266
70	270
66	266
39	295
23	250
108	339
42	324
55	267
107	316
3	343
70	257
46	285
51	324
119	278
106	289
5	279
9	292
14	336
91	347
33	326
46	288
19	290
35	322
119	299
98	309
10	271
68	301
112	310
23	296
100	258
52	312
30	273
39	271
49	306
119	299
74	340
69	288
33	273
76	316
93	263
25	342
92	332
103	300
67	314
103	270
10	285
106	284
101	342
44	342
17	295
120	334
4	254
108	336
16	318
10	342
113	263
8	318
92	302
83	291
27	322
51	300
59	277
95	291
88	347
80	336
18	256
102	341
52	292
33	269
98	324
4	266
83	339
62	257
108	279
69	345
24	303
6	326
83	257
78	309
91	279
58	334
99	258
46	302
81	266
81	251
64	342
77	307
74	253
79	277
74	279
102	291
112	261
47	256
41	256
9	337
12	253
91	261
106	290
109	338
69	280
74	261
118	286
6	284
22	309
74	289
101	347
66	281
19	260
31	274
60	331
18	259
2	342
45	300
31	291
24	272
12	267
109	320
95	267
117	293
74	285
101	332
10	304
59	261
28	265
56	274
39	313
19	332
81	321
61	331
42	303
86	327
109	342
80	337
39	256
56	306
105	297
83	319
89	309
76	286
93	313
120	321
108	281
50	298
48	346
47	297
53	251
6	345
5	287
67	277
82	265
111	293
117	290
30	320
81	252
78	341
60	308
40	330
49	262
58	320
7	255
26	295
54	346
80	322
112	257
37	259
118	262
49	275
67	252
43	261
9	273
93	305
44	338
12	281
63	348
67	343
89	292
39	287
100	314
103	285
77	312
50	279
105	305
19	295
79	348
117	252
57	298
112	324
106	323
115	345
7	348
13	284
84	260
79	344
98	250
118	281
36	273
27	253
33	298
44	319
91	288
83	341
18	312
3	325
94	284
86	250
97	262
98	340
58	297
51	310
101	300
111	294
110	309
12	288
52	281
27	261
13	311
69	289
78	345
70	338
98	335
83	260
93	274
84	326
48	275
9	289
34	260
97	293
37	336
117	283
20	341
24	329
28	302
27	274
78	292
69	257
112	307
45	286
58	278
67	340
21	326
52	265
46	307
116	292
43	257
11	346
47	342
69	304
93	331
12	319
3	253
61	320
69	286
30	320
79	325
72	344
103	296
25	337
57	255
22	252
58	314
120	339
103	289
25	335
61	311
6	343
20	299
95	312
39	292
118	289
14	298
43	282
4	315
74	289
50	333
14	293
49	273
96	253
28	315
72	267
78	293
18	338
69	266
37	300
92	264
91	346
107	304
102	310
23	304
43	274
37	286
10	338
12	329
79	304
34	285
17	287
50	274
92	276
83	269
31	281
70	286
108	274
79	302
117	266
54	299
95	334
55	309
117	283
4	341
66	250
55	339
79	302
96	338
105	328
118	343
35	272
109	329
94	319
39	250
24	349
56	300
46	337
65	296
60	289
81	286
32	342
76	345
26	333
77	320
71	324
27	313
95	309
117	322
111	252
116	276
51	336
68	346
45	345
14	323
78	301
25	342
78	291
13	290
14	345
108	294
3	330
18	282
64	280
111	346
45	251
114	277
21	316
28	323
90	299
33	250
49	289
65	296
14	268
110	286
23	294
26	283
38	343
27	349
57	278
116	253
42	310
40	339
119	253
89	279
47	338
76	251
90	316
61	277
46	324
35	308
42	299
88	303
117	329
91	251
107	287
83	310
10	272
58	291
11	274
9	285
67	340
62	267
100	335
45	310
61	333
58	254
41	345
10	321
49	266
24	327
84	283
87	272
119	287
1	272
32	279
15	306
63	281
50	285
57	302
69	301
11	268
86	329
98	305
92	349
91	328
91	315
5	263
68	273
120	299
104	329
7	276
12	300
69	331
83	343
106	324
84	343
96	295
63	256
66	292
74	251
117	284
23	260
20	308
83	347
25	251
91	344
20	348
23	349
16	266
66	259
71	321
85	347
17	294
26	310
7	329
80	287
13	327
112	264
59	255
110	273
92	321
95	279
9	335
62	306
31	308
23	283
89	326
52	303
51	304
79	281
35	253
17	273
103	326
43	348
116	308
5	345
116	280
43	346
119	250
31	272
35	292
41	280
60	297
40	257
3	299
36	257
89	334
98	271
54	303
50	343
78	268
80	265
78	274
33	311
119	312
15	298
97	254
106	328
93	265
53	322
108	277
50	335
82	330
59	301
75	335
54	310
69	286
37	264
99	336
20	311
51	309
120	309
98	344
103	252
28	298
73	308
40	287
78	256
84	257
103	281
119	283
29	278
98	346
94	346
64	319
15	306
70	286
104	256
21	272
79	279
57	296
3	280
110	274
94	265
61	292
60	289
72	344
47	311
106	269
98	257
119	250
73	349
71	255
1	291
35	266
55	311
63	310
107	340
98	347
84	298
113	294
27	252
86	329
101	303
30	346
106	282
115	321
65	284
69	336
46	270
10	268
114	333
67	283
57	335
36	281
88	289
32	254
70	260
110	261
92	289
30	289
37	262
43	292
91	271
7	311
39	275
15	345
35	344
99	318
35	286
51	330
15	308
84	271
81	302
48	311
73	292
19	317
82	340
20	328
71	330
78	319
58	270
14	328
34	306
114	275
74	251
12	283
95	321
22	250
27	334
64	340
48	285
63	258
48	331
63	255
99	318
109	263
114	273
66	283
104	326
39	283
25	300
37	326
45	275
53	326
99	261
82	286
48	284
93	280
70	314
15	347
93	324
63	347
88	257
81	293
94	260
103	289
38	328
72	346
60	306
29	315
64	257
33	261
101	268
7	349
18	256
99	331
86	292
88	342
46	278
80	281
69	341
117	321
105	282
103	346
30	277
113	286
78	298
11	279
11	314
42	305
23	253
66	324
63	269
113	267
114	324
9	342
88	335
93	285
3	325
38	295
120	339
29	263
92	328
103	311
110	268
93	273
70	301
45	289
67	279
81	305
18	294
58	313
25	317
67	280
101	311
93	296
46	313
32	346
8	347
4	258
13	336
26	288
100	289
113	320
94	318
84	336
93	293
61	264
9	275
62	344
37	295
12	287
67	301
95	264
104	326
109	259
32	300
19	256
26	324
9	252
26	280
56	305
43	264
112	308
60	345
83	319
67	267
4	258
93	325
100	345
50	342
105	314
112	257
95	331
12	267
76	292
59	304
87	302
17	335
19	344
115	257
29	347
45	307
13	297
9	283
44	322
116	343
3	336
104	292
39	321
71	310
81	279
100	342
56	279
23	297
109	323
80	318
103	286
107	267
116	266
43	335
51	348
4	336
114	335
80	262
75	319
46	268
95	268
17	266
7	281
104	303
19	334
35	317
62	253
74	278
101	291
76	315
40	254
117	304
95	312
68	318
3	260
100	299
94	339
46	280
80	316
56	296
37	324
109	250
53	294
76	285
35	286
62	265
30	318
91	338
70	292
65	342
52	299
46	346
57	329
34	278
109	335
19	259
79	335
26	280
38	276
14	299
26	302
3	294
117	268
6	304
95	274
73	319
82	318
16	311
109	292
19	310
90	346
19	289
6	267
116	310
91	303
6	285
13	294
70	267
113	301
56	333
17	310
53	323
13	257
82	346
78	282
12	280
81	250
17	302
102	273
83	290
7	265
26	264
66	317
35	312
63	340
19	330
80	306
21	337
51	268
36	276
57	263
41	273
11	307
111	253
12	270
78	345
12	297
51	250
116	251
50	256
71	300
71	316
6	349
57	294
94	296
27	341
25	342
109	299
119	315
47	295
119	280
3	332
77	281
2	300
75	345
27	286
27	294
73	291
19	263
108	341
17	288
38	265
105	327
62	268
101	331
78	345
62	296
44	315
89	258
69	304
105	286
109	333
97	253
84	319
102	282
55	335
100	316
106	253
6	311
83	285
90	300
57	295
54	269
41	269
58	276
111	290
82	300
112	283
35	278
70	346
9	255
52	254
54	342
100	311
60	280
23	277
106	320
116	329
59	327
77	313
118	251
45	250
41	270
62	313
86	313
116	336
21	273
57	345
110	291
118	287
7	251
75	335
14	332
57	280
87	313
25	260
66	269
21	306
60	282
45	250
2	344
77	335
49	320
111	284
97	259
87	344
90	323
42	293
112	324
93	304
40	349
81	299
24	296
35	286
48	297
96	257
3	326
89	256
100	254
48	271
1	346
100	254
18	267
76	321
72	276
61	279
59	326
10	298
43	327
44	335
46	349
102	342
92	326
36	300
37	305
73	348
58	307
73	316
8	334
119	349
65	317
98	333
68	321
100	329
101	349
114	344
78	261
114	296
1	307
8	286
100	306
52	335
53	337
29	302
40	284
107	318
4	313
35	295
71	336
107	329
6	340
119	309
28	297
68	250
1	316
63	321
14	344
34	303
74	273
46	329
119	252
74	347
12	278
18	270
110	261
28	275
57	282
72	313
33	332
38	263
69	320
25	283
46	335
75	262
109	328
8	346
81	324
46	336
78	315
77	341
17	267
66	288
47	304
118	331
64	343
19	330
42	345
31	340
52	332
105	276
26	342
91	264
23	252
96	284
111	270
87	291
40	319
25	264
101	255
86	265
12	338
115	318
37	257
24	281
116	348
50	309
64	269
90	291
50	284
50	342
12	326
1	259
56	316
57	323
100	292
26	301
52	295
26	328
70	258
120	288
14	311
117	287
31	275
92	310
54	324
85	282
30	312
108	316
9	257
110	296
101	302
57	289
70	340
16	277
55	312
43	318
38	337
20	292
103	276
99	265
112	315
18	294
56	340
4	258
26	331
19	322
60	340
6	251
86	338
100	312
82	295
33	318
38	340
40	280
78	286
40	288
89	349
77	313
34	266
114	343
81	329
96	281
71	302
37	315
104	314
106	341
119	265
99	265
61	251
79	318
111	305
57	342
97	301
16	264
38	278
4	334
43	289
78	346
32	317
107	268
109	305
12	298
105	268
26	328
61	278
52	253
34	320
94	286
32	283
64	334
24	307
78	276
3	256
19	261
58	262
54	342
99	324
63	324
76	256
10	255
115	279
83	305
30	337
5	277
100	335
101	271
86	265
71	301
24	275
15	250
91	311
79	321
28	262
84	279
77	339
7	291
67	263
119	282
10	334
44	281
52	327
63	306
26	307
90	348
46	304
80	340
17	294
52	269
9	304
22	278
107	262
63	310
53	323
65	320
109	348
68	327
9	298
23	304
34	314
5	320
54	258
48	318
49	301
47	293
83	280
42	251
92	299
83	285
83	284
60	252
2	271
96	269
114	311
55	330
73	309
66	254
47	267
110	312
64	291
77	321
1	333
43	327
9	280
110	269
20	282
67	299
62	292
41	284
103	339
11	254
22	294
1	327
26	272
55	289
53	339
87	309
9	317
52	346
42	343
24	317
69	266
92	284
16	342
96	294
97	272
51	270
85	308
48	278
17	338
111	291
114	306
103	276
98	316
49	291
43	302
1	317
92	326
76	279
38	280
47	303
104	250
116	342
26	319
114	260
7	292
120	282
117	327
51	259
1	294
54	253
105	253
41	257
38	345
51	265
71	299
74	275
40	326
38	283
120	329
30	318
21	293
83	335
6	334
89	295
67	263
13	313
90	292
1	312
41	275
94	328
18	254
7	325
11	346
34	345
93	317
84	287
2	314
115	328
120	294
116	332
117	277
70	253
22	272
20	259
63	344
60	273
85	320
66	337
28	256
38	348
11	300
21	320
65	266
86	279
110	283
51	253
17	261
24	292
26	268
17	314
59	278
78	267
66	269
59	312
112	341
10	325
115	317
115	337
78	330
3	297
48	275
1	341
39	349
27	344
67	285
55	296
39	256
107	306
114	281
59	334
70	281
53	293
94	340
109	301
96	328
64	260
4	259
119	259
48	261
104	306
74	275
19	314
45	289
6	304
86	269
25	269
22	332
62	257
63	317
104	322
4	310
24	324
6	288
115	254
43	293
62	268
89	294
39	283
44	320
113	312
3	338
56	282
111	339
14	324
10	327
44	280
9	267
28	346
44	340
6	292
9	347
38	344
96	269
107	259
82	250
58	259
68	265
74	279
12	268
45	258
117	271
61	274
101	276
37	341
92	316
58	317
35	268
104	340
112	301
85	306
109	295
116	317
102	304
16	283
26	264
77	250
28	282
22	303
10	261
2	262
46	256
28	326
107	321
35	332
73	289
94	283
85	262
83	294
96	315
62	323
47	337
74	316
67	263
56	264
40	285
66	302
49	280
7	286
44	286
58	279
105	280
109	255
98	347
92	250
75	325
42	258
113	265
91	317
90	346
32	276
16	262
84	323
8	264
88	257
70	279
74	261
111	341
48	335
47	269
22	339
105	301
83	316
35	337
109	313
40	284
37	336
50	302
1	311
102	321
60	256
95	296
110	333
101	260
18	346
69	318
20	275
101	262
82	269
9	302
22	330
57	257
33	289
26	270
32	257
115	331
102	334
106	287
83	316
81	270
115	307
36	335
89	323
10	306
47	327
66	260
16	260
19	314
24	334
77	282
23	255
7	275
58	286
103	253
69	305
83	300
7	250
43	311
67	316
39	266
114	254
21	266
15	284
67	330
23	345
119	314
47	337
25	309
63	283
73	263
8	304
109	346
108	258
86	318
117	297
65	293
105	316
61	266
116	321
89	297
39	328
33	346
68	325
12	254
7	328
108	304
32	287
106	271
28	325
7	261
48	287
33	258
88	250
41	256
99	295
63	333
101	290
100	327
115	307
66	314
99	340
78	251
113	282
91	332
44	349
76	254
103	270
32	285
114	256
10	263
42	341
82	320
64	345
37	262
9	348
21	322
28	258
47	262
88	284
63	328
92	341
34	323
97	319
33	305
114	321
41	258
10	321
37	265
53	338
102	328
73	311
48	304
66	276
6	302
86	287
66	272
94	267
94	332
28	329
21	339
60	261
101	285
10	277
60	291
94	296
60	317
83	316
79	275
54	300
111	286
19	344
47	295
93	308
48	339
120	290
39	301
39	290
65	323
96	298
31	339
12	302
112	297
34	319
103	255
83	326
116	252
63	258
94	264
42	253
85	272
46	273
16	329
120	318
120	269
34	323
77	317
85	302
45	302
112	312
13	316
18	255
31	257
89	285
115	338
112	307
73	327
111	251
109	343
119	265
1	345
59	260
23	253
43	322
94	252
85	258
86	344
2	317
93	299
89	272
19	337
70	333
88	303
62	337
116	321
10	312
56	334
119	339
66	285
19	326
36	287
48	339
40	338
36	332
44	259
23	321
53	345
120	314
110	349
86	254
116	310
114	267
62	337
100	277
49	272
89	289
111	334
118	339
63	323
68	294
6	280
65	268
79	333
103	341
7	343
40	324
62	251
4	257
107	259
79	281
78	334
85	298
59	298
37	348
47	298
109	274
54	255
32	297
98	306
41	330
21	296
31	284
118	340
79	256
69	314
20	272
90	307
32	279
93	276
8	287
74	298
24	255
73	253
49	274
63	282
112	253
88	276
64	330
77	304
43	320
80	263
82	327
52	339
24	345
5	298
120	266
76	295
68	286
115	265
38	309
103	287
58	311
20	264
85	281
117	310
63	264
57	267
11	258
72	291
118	277
76	289
41	263
15	309
16	269
68	272
82	338
38	282
59	312
89	329
45	272
34	292
32	252
115	279
114	305
53	285
33	319
117	262
63	326
88	253
118	263
78	345
96	337
20	311
77	294
68	332
4	272
66	312
57	319
34	343
110	263
110	258
61	307
87	332
15	301
4	304
53	314
40	265
10	255
112	276
76	255
117	252
20	322
58	334
30	316
92	335
43	324
39	250
108	322
29	258
11	290
88	292
61	318
74	266
100	273
24	336
26	324
3	341
65	301
111	335
54	276
112	320
31	256
35	319
66	261
30	301
23	327
21	322
76	298
80	313
29	294
78	331
57	344
40	296
100	324
48	331
70	315
114	333
42	297
104	277
109	340
95	322
83	283
4	313
81	312
35	291
83	347
39	332
46	287
19	269
50	252
116	336
112	343
25	290
63	279
116	347
52	322
49	295
41	295
36	268
18	289
84	330
29	328
19	315
73	292
82	288
54	335
41	343
105	318
27	323
53	275
1	256
63	266
69	342
67	320
57	270
87	281
60	252
47	256
95	260
67	331
73	313
27	280
26	327
64	309
93	335
56	273
102	345
79	300
48	304
107	311
10	294
109	347
116	339
15	261
69	276
82	293
113	314
87	342
101	275
71	292
28	287
93	271
108	303
106	329
68	327
87	328
42	254
14	263
59	330
19	293
101	250
119	300
9	268
57	339
109	345
54	273
30	304
88	304
68	332
48	253
61	281
27	261
23	271
99	347
51	347
55	257
58	321
109	347
10	293
71	297
74	344
67	328
68	312
72	289
107	334
70	325
101	294
67	285
50	266
13	326
116	334
1	274
81	279
31	261
39	297
18	311
4	335
6	274
23	292
42	297
57	319
7	320
10	323
40	341
29	276
42	310
61	331
100	266
116	291
72	292
23	258
85	343
80	267
67	266
91	270
104	253
74	347
25	342
66	340
37	337
114	299
30	301
12	274
30	267
63	349
94	328
29	321
25	332
40	328
46	315
19	318
35	257
88	285
94	346
72	349
40	282
110	262
2	328
20	309
49	256
79	343
86	331
55	332
118	341
31	332
97	331
47	296
85	335
119	299
103	290
1	324
70	335
93	313
109	301
69	346
4	319
78	265
52	298
102	286
17	321
45	317
86	295
87	304
120	305
32	258
120	311
84	276
118	284
112	340
112	297
101	322
55	335
88	326
45	256
29	308
14	302
118	282
59	253
7	269
1	282
29	282
81	328
81	342
112	255
32	315
100	260
78	305
106	286
48	313
115	269
42	250
61	310
64	337
7	335
63	251
109	298
103	292
114	261
22	300
29	337
13	259
42	341
68	310
106	288
115	258
45	282
11	325
18	309
93	287
39	300
50	283
107	347
114	305
46	292
24	309
43	335
52	337
80	251
14	347
23	258
30	339
72	279
17	255
53	268
7	339
84	305
31	321
119	262
19	343
27	331
8	273
96	253
45	279
22	343
114	291
87	294
88	306
90	273
92	349
114	251
114	328
7	303
28	333
35	312
10	269
98	324
58	332
104	295
109	315
57	320
49	282
97	290
93	328
70	324
104	307
24	334
10	276
89	256
92	309
33	321
85	251
35	276
75	279
71	296
100	253
64	270
28	341
90	266
15	266
38	269
35	347
95	347
28	271
2	288
50	289
58	321
3	347
54	302
80	294
115	272
119	263
33	316
70	319
65	331
90	277
80	293
51	257
83	340
82	274
74	345
1	327
46	321
118	317
1	301
48	316
39	304
89	304
27	304
35	268
111	270
103	336
18	314
116	270
103	276
95	347
76	300
1	274
68	306
72	260
113	262
24	327
22	341
82	258
69	310
43	337
79	348
19	282
76	295
3	273
2	345
105	312
76	264
17	281
7	260
49	278
23	284
26	271
5	325
71	303
41	270
85	293
120	255
48	297
18	286
49	328
94	307
31	329
119	335
32	343
6	315
12	258
75	333
99	292
83	250
85	309
109	335
20	268
59	258
23	306
108	285
24	326
117	258
80	302
61	267
62	346
85	320
50	289
15	310
34	300
74	338
14	349
88	260
92	328
118	287
116	294
70	325
69	267
21	323
94	311
37	265
80	261
44	341
41	295
11	260
81	259
88	343
66	346
43	304
21	273
108	252
39	265
115	292
101	260
73	269
12	266
107	302
89	347
109	287
55	299
9	293
17	304
37	284
38	342
72	267
61	254
87	269
64	308
71	258
96	251
19	250
4	288
64	267
112	284
47	250
80	310
84	337
29	282
24	293
61	289
11	344
36	322
99	329
39	302
116	250
29	276
90	274
29	314
107	332
82	335
116	286
4	331
102	311
88	311
34	297
61	267
116	310
91	298
50	274
110	338
88	332
99	337
108	290
30	329
101	251
11	329
119	308
118	303
11	330
53	278
19	323
82	330
106	323
32	270
101	318
35	267
33	323
13	308
65	308
31	320
74	272
61	268
53	308
86	258
40	328
55	349
16	327
43	270
29	261
16	312
14	272
91	279
60	336
102	256
15	342
33	259
18	290
55	262
65	310
99	314
90	309
75	309
47	343
4	312
80	275
73	335
79	311
81	296
110	338
72	300
112	270
51	306
84	310
87	288
79	336
28	282
118	325
19	329
54	270
106	333
90	276
13	252
39	257
68	300
107	337
62	286
81	334
70	339
84	346
89	270
54	308
41	302
62	274
77	254
108	270
50	304
4	335
88	279
80	288
39	283
24	304
46	288
34	251
20	312
102	338
25	295
31	272
51	311
47	328
21	319
37	299
61	258
30	322
2	254
56	277
94	320
105	301
117	336
3	253
34	337
63	299
118	340
88	340
40	322
14	283
100	289
56	262
70	283
95	258
112	283
56	347
59	268
23	251
73	272
99	261
7	283
42	281
25	334
88	270
39	340
98	336
43	325
99	288
12	340
57	303
14	313
53	262
91	290
119	324
111	321
99	269
26	314
6	274
81	339
58	257
37	301
84	283
11	270
21	342
31	308
59	256
48	326
48	331
109	307
30	251
120	300
29	263
110	339
72	322
52	263
113	261
22	328
83	349
18	268
80	343
118	348
80	293
68	262
19	349
100	267
100	261
74	341
49	264
108	297
66	271
87	290
55	251
62	322
45	335
105	303
112	329
16	301
114	319
38	264
10	255
92	252
71	347
102	344
19	293
93	258
79	334
4	340
77	280
56	273
20	296
65	263
74	327
118	303
13	258
64	251
10	316
40	295
73	252
107	257
41	263
78	259
90	291
63	252
67	282
112	296
88	341
31	329
1	265
110	327
94	349
97	309
110	338
95	334
94	284
9	276
86	294
113	254
94	305
78	294
5	296
114	294
79	262
20	294
8	293
53	253
77	288
18	321
85	303
74	282
77	253
27	273
115	258
63	298
36	267
119	295
50	312
42	343
45	279
110	299
68	343
43	264
112	282
4	304
81	326
30	333
38	334
25	349
8	342
3	252
112	268
52	307
37	342
83	308
41	320
37	298
71	306
32	257
24	327
72	286
20	346
15	278
112	259
90	311
105	341
53	314
42	290
64	284
104	324
44	272
55	322
28	251
24	336
33	291
28	322
23	302
115	326
117	263
11	327
59	274
112	274
116	270
37	328
14	294
12	338
9	307
89	255
109	337
51	277
115	256
43	296
12	311
85	302
42	254
82	341
35	290
65	327
14	284
7	336
21	250
65	258
52	255
27	273
32	292
54	322
72	261
106	266
67	347
94	329
50	346
116	275
100	299
14	317
7	294
108	291
118	274
15	322
106	339
22	293
78	279
6	288
76	258
102	323
118	288
29	278
114	279
97	262
47	306
89	286
23	348
13	296
60	274
40	334
105	306
61	290
95	273
41	319
47	279
2	333
61	250
12	340
80	293
36	306
109	285
4	315
1	258
120	292
115	257
75	281
31	282
48	330
114	278
83	319
6	310
11	273
84	314
104	261
86	298
60	318
40	307
21	268
22	280
35	306
91	261
120	285
114	263
34	315
45	267
112	304
105	280
27	289
69	265
35	306
59	279
59	286
17	287
32	258
111	320
89	322
72	315
115	274
97	325
1	261
119	347
101	279
81	281
89	276
102	271
50	341
77	313
85	256
24	271
111	336
68	267
117	271
100	321
74	279
101	262
27	301
41	349
99	348
60	310
12	283
52	273
93	345
43	325
55	251
92	329
9	309
48	345
76	256
16	263
11	261
70	345
11	306
92	342
101	334
79	338
23	251
25	306
117	345
110	257
88	306
105	289
6	286
94	293
82	295
38	344
21	253
88	315
22	342
102	273
82	342
109	301
89	266
119	252
53	274
54	272
29	335
100	285
110	335
59	275
9	286
62	339
20	336
14	287
81	339
13	334
43	332
111	323
15	341
95	303
51	261
120	275
87	312
11	338
8	284
35	308
71	309
62	283
10	337
94	292
91	300
111	250
98	325
3	252
36	325
42	263
33	336
90	263
58	295
32	256
2	332
95	317
111	341
51	278
118	349
57	338
36	317
88	294
111	333
18	334
7	333
101	266
115	269
75	300
24	255
57	261
62	290
67	315
11	301
61	327
82	283
27	295
96	333
55	328
77	312
8	303
62	307
109	324
99	327
1	317
116	344
105	345
103	252
51	311
119	321
39	293
70	338
35	310
64	307
27	266
60	339
102	300
100	294
107	297
74	265
100	334
72	284
63	345
57	284
16	341
36	340
16	282
100	297
39	339
117	324
32	266
34	322
69	317
28	254
41	288
90	329
98	311
20	275
48	343
90	337
15	318
68	324
56	253
89	254
91	315
60	314
15	345
119	320
41	263
22	293
93	270
99	296
2	322
98	342
86	299
12	297
80	320
70	309
8	349
46	260
57	329
33	308
12	317
6	306
53	257
114	322
80	323
45	333
74	255
93	290
62	298
38	342
25	289
119	273
114	259
62	294
85	345
52	310
111	259
91	341
101	251
31	333
82	314
110	281
113	335
84	299
56	333
17	340
112	268
16	329
99	300
86	263
24	336
64	300
85	302
119	278
112	264
40	315
27	288
22	269
90	274
25	330
110	301
9	264
78	250
19	345
86	325
93	324
73	348
23	261
14	344
20	292
55	260
15	278
18	291
81	343
93	345
77	273
26	335
58	330
103	264
51	288
98	259
39	331
20	280
120	326
100	292
51	337
91	333
93	314
94	313
47	334
57	282
20	301
34	256
111	270
12	277
7	298
77	255
89	309
72	306
92	258
26	324
14	318
28	331
43	279
18	267
104	337
14	304
5	265
50	250
83	318
68	326
99	273
43	279
34	251
32	304
100	347
32	282
57	302
7	295
106	300
61	277
52	322
1	262
19	303
43	268
84	328
110	273
33	300
58	319
59	342
68	318
103	341
95	286
70	342
20	329
61	306
9	301
89	275
6	319
106	282
72	257
62	318
49	288
8	292
83	319
98	305
72	252
78	290
103	273
70	335
55	293
6	286
3	283
62	349
64	344
4	259
115	310
86	333
24	250
70	260
119	335
63	273
10	272
47	329
59	262
15	298
32	319
81	273
92	315
72	259
17	338
30	269
46	347
53	337
118	283
97	307
7	323
99	290
62	251
5	274
70	346
9	273
12	259
115	346
51	341
22	283
32	283
59	340
2	312
32	332
97	305
51	349
108	344
32	332
66	326
3	250
13	305
53	255
68	347
4	267
71	274
39	305
60	319
103	332
62	305
26	297
21	314
20	258
83	300
47	254
81	286
16	341
65	346
76	251
78	296
16	338
40	343
92	271
56	338
77	298
74	331
20	258
48	294
53	334
113	290
73	264
15	285
85	266
67	268
105	250
17	314
40	279
53	265
106	275
96	314
72	274
110	282
44	272
22	341
26	297
103	298
42	319
5	278
9	280
118	253
109	336
45	251
56	338
110	341
119	269
56	349
63	290
118	333
36	254
56	320
7	306
113	296
54	252
101	282
24	302
114	280
116	311
21	260
56	325
89	277
104	300
34	347
5	314
79	277
90	309
66	349
67	309
108	285
95	313
112	264
74	260
45	266
117	252
15	297
89	265
107	328
58	269
85	315
77	308
71	270
17	304
46	300
112	305
91	346
25	348
69	252
73	275
73	328
118	288
116	335
119	283
66	275
5	314
102	286
120	322
9	315
11	258
25	334
102	345
30	328
73	294
6	273
73	255
48	278
108	307
48	309
18	310
75	313
32	325
93	272
59	306
14	258
33	258
47	252
69	349
50	257
45	300
12	314
109	324
10	332
51	282
116	283
78	314
62	280
105	275
4	331
3	345
88	323
58	302
59	279
37	250
59	268
1	280
62	306
66	272
1	254
33	326
42	344
104	261
10	298
44	285
52	274
10	329
62	257
113	263
79	268
97	265
6	264
2	279
15	344
60	333
28	322
73	270
96	319
109	294
114	348
5	302
8	284
118	335
56	312
111	283
22	331
30	289
42	301
8	278
107	314
11	281
54	312
90	271
102	319
66	339
111	263
32	317
75	267
58	342
5	346
67	288
41	293
40	313
118	294
42	311
40	260
84	262
23	321
16	336
38	305
59	340
102	349
118	295
107	329
65	274
55	250
108	330
62	278
77	274
89	254
29	314
24	273
74	341
32	299
64	279
58	285
104	316
60	335
58	338
66	270
44	257
33	303
33	255
65	306
31	318
90	344
26	299
45	296
36	277
53	319
56	298
73	328
110	341
112	340
51	268
24	313
88	310
24	345
101	291
31	331
75	298
99	265
111	253
120	267
86	329
45	267
115	281
72	311
4	252
108	273
11	341
79	250
60	259
19	283
54	268
49	293
75	294
14	262
79	257
112	278
12	275
100	253
53	335
5	282
119	282
79	250
110	276
57	321
55	276
71	319
83	256
83	299
1	257
119	259
113	337
44	262
93	270
10	256
120	337
42	258
45	316
115	343
29	322
86	306
38	339
4	298
30	335
16	329
113	276
17	320
53	335
91	307
51	314
74	284
96	316
36	341
48	276
32	252
42	341
1	256
6	324
111	289
55	286
80	268
105	279
114	329
13	308
115	288
53	261
11	269
96	258
84	260
97	321
38	298
85	314
96	340
50	318
79	289
17	305
118	257
83	346
18	299
68	349
79	334
80	340
58	276
87	332
48	341
22	289
98	346
61	283
111	317
92	253
110	345
84	345
76	279
5	257
83	310
91	336
3	312
28	305
68	349
28	342
57	300
47	346
55	253
49	306
41	339
13	276
28	311
50	287
43	262
111	261
101	262
100	305
71	340
97	315
68	273
46	315
87	258
39	273
23	335
69	347
27	274
45	334
95	325
10	325
81	308
74	271
70	263
33	348
54	322
118	332
17	262
44	294
45	288
105	268
84	267
112	281
22	254
117	284
57	309
91	286
92	252
87	283
29	333
38	334
76	312
115	347
62	278
51	276
8	282
25	285
19	301
83	332
100	252
73	339
28	298
110	272
64	340
67	321
43	345
71	257
94	300
55	332
116	268
9	259
5	342
25	287
30	317
11	334
69	276
39	324
71	293
87	326
112	335
92	305
96	277
118	313
7	323
107	316
58	332
66	327
77	300
28	327
47	288
55	316
72	302
94	271
60	338
81	321
75	250
19	349
20	297
95	290
33	304
98	284
87	308
62	348
4	262
10	258
29	281
52	310
25	315
98	326
42	321
40	281
91	299
102	279
46	276
16	297
41	310
67	304
23	291
1	310
18	272
32	264
58	275
60	288
40	288
30	292
45	303
62	317
13	283
72	276
72	314
68	312
108	342
22	279
82	272
80	269
111	311
54	317
92	311
92	324
34	278
110	290
12	273
65	300
48	289
52	348
37	307
118	349
25	348
75	321
115	303
19	329
92	309
27	258
1	258
116	275
102	255
118	348
31	317
103	347
107	327
59	322
87	326
94	261
44	256
20	253
84	286
108	349
32	293
9	307
106	315
87	295
61	346
57	316
95	332
99	340
32	281
18	267
48	324
24	262
79	337
4	334
83	289
118	271
24	251
73	292
65	328
9	268
1	314
10	301
21	342
101	266
80	295
46	338
14	276
2	272
26	294
47	312
32	285
52	271
82	329
7	310
80	335
30	271
14	255
27	334
2	260
78	288
10	270
43	340
120	331
48	293
116	271
57	297
117	318
75	342
86	346
119	304
81	343
79	254
85	320
38	255
97	259
111	329
112	302
37	332
107	300
9	305
92	292
3	263
66	292
115	294
102	338
41	274
30	320
21	256
115	270
42	329
7	278
10	294
108	336
79	340
118	263
84	289
95	321
117	275
9	288
108	288
21	328
71	307
8	317
80	338
114	346
78	283
64	348
46	313
5	345
39	303
85	302
62	274
26	250
40	340
50	299
11	286
67	314
35	338
98	312
86	343
54	269
117	270
106	343
29	299
16	334
50	342
100	263
30	313
14	312
47	278
114	302
105	330
7	293
93	327
55	287
85	280
106	265
92	259
51	262
100	250
28	275
2	259
102	335
27	275
76	313
19	331
54	341
114	250
87	301
21	267
82	318
2	336
81	315
87	342
25	326
107	258
70	261
40	250
75	262
93	275
42	300
117	283
37	347
42	286
59	282
74	320
87	300
72	313
92	326
73	282
40	310
97	255
78	284
6	254
28	275
106	316
120	345
61	311
118	275
78	252
54	278
89	272
36	290
83	285
46	336
32	267
61	292
112	275
59	344
112	323
13	254
9	261
38	254
104	265
79	271
49	303
35	253
49	311
107	283
105	282
10	333
112	306
105	331
26	250
43	276
84	313
49	305
65	339
29	310
7	264
21	262
105	250
3	330
84	342
32	305
39	306
4	307
95	338
8	273
115	325
65	310
13	307
81	277
68	258
36	329
78	326
32	266
115	283
118	264
21	313
21	331
40	261
63	323
93	270
60	274
113	298
52	348
44	259
78	288
16	257
33	250
82	316
116	339
47	325
117	330
37	275
48	339
6	316
95	322
72	344
118	254
90	288
109	271
80	261
55	290
101	282
10	347
105	323
35	336
29	312
100	348
32	262
118	274
65	289
2	343
7	322
59	275
41	326
110	269
16	342
113	348
3	276
119	262
120	260
22	303
68	301
9	318
104	300
90	349
4	258
75	276
71	301
28	344
105	272
36	296
102	284
38	251
21	309
117	274
72	292
86	288
47	290
108	294
98	340
1	264
50	296
96	331
9	250
120	338
95	255
109	254
33	268
2	346
64	323
44	278
106	285
62	285
110	281
48	275
28	311
74	252
4	330
33	343
101	276
81	258
17	343
114	294
101	345
104	295
5	303
98	302
110	282
54	298
113	254
4	322
39	307
23	349
82	330
46	292
3	309
11	309
22	330
69	349
97	327
49	260
52	277
49	340
2	305
69	330
75	273
42	304
50	291
75	296
110	313
38	253
10	319
11	295
21	255
84	290
43	310
67	312
81	340
8	319
55	280
38	299
44	313
113	263
20	327
97	252
59	285
79	274
69	250
95	256
60	343
19	303
119	318
55	263
67	297
28	281
47	288
110	275
10	316
82	310
7	340
82	347
25	298
22	271
31	289
25	313
114	274
118	301
13	272
77	326
73	342
93	296
118	340
14	251
74	269
23	338
15	296
54	348
105	333
104	252
42	348
7	250
41	270
5	348
107	283
44	299
29	348
13	301
105	280
11	327
53	309
65	273
115	309
10	261
73	315
23	272
9	283
92	312
36	312
106	319
47	276
31	273
18	299
78	260
102	310
76	326
76	251
29	334
111	272
11	345
39	346
80	300
59	328
105	337
49	288
94	278
109	329
24	265
111	330
53	349
88	338
76	338
9	342
56	330
78	319
60	265
63	263
71	325
60	263
61	307
56	349
19	285
70	349
52	279
116	304
9	271
71	260
83	281
109	340
61	281
92	301
15	259
36	328
17	274
20	298
30	322
12	311
13	326
33	261
114	286
77	307
102	294
17	255
15	291
24	320
58	254
107	298
5	334
72	335
71	266
35	287
25	310
73	265
35	270
80	330
14	336
74	273
19	306
51	313
17	340
117	298
42	336
103	346
43	293
92	344
104	285
17	270
33	344
120	318
118	345
75	307
66	292
68	332
21	310
87	288
29	270
41	293
9	327
25	301
28	271
32	346
43	278
69	333
89	306
43	266
57	250
97	294
27	284
4	281
88	331
92	270
114	267
119	296
16	255
112	316
9	316
88	344
107	283
32	296
12	255
50	276
73	281
62	346
107	300
67	282
61	253
13	289
88	342
107	284
28	323
52	347
13	281
28	266
11	271
38	329
11	334
43	313
82	287
99	283
79	286
12	285
48	283
98	339
23	251
27	341
31	274
96	291
7	342
93	296
98	330
2	289
4	296
111	273
58	254
113	340
107	289
80	277
28	335
50	330
60	334
76	318
60	284
29	338
25	252
8	341
4	256
108	284
46	259
90	253
83	306
94	333
41	309
21	254
71	346
4	264
11	279
73	308
19	285
104	255
74	306
68	310
95	282
6	258
64	280
108	342
51	338
106	256
60	282
79	316
7	306
101	333
73	313
32	250
119	300
77	293
75	337
84	328
62	326
76	310
109	259
89	340
13	273
56	302
29	297
72	296
67	329
84	251
7	316
31	261
45	318
79	320
73	341
49	269
67	265
85	328
28	265
2	295
70	337
100	302
86	319
72	301
5	331
15	299
37	261
117	289
52	284
70	276
1	321
112	318
115	334
33	256
19	294
17	272
49	272
115	300
52	255
31	289
49	348
52	301
85	281
2	291
68	316
47	256
61	260
94	255
58	252
68	278
1	336
98	344
60	261
41	346
80	336
39	266
74	268
18	331
10	256
107	334
20	252
47	320
75	313
4	267
112	269
71	333
106	290
103	310
114	287
16	315
10	325
10	306
19	297
88	331
108	330
117	333
66	313
52	320
47	333
101	280
73	344
115	258
116	280
29	334
15	309
61	251
71	349
1	303
77	345
51	269
83	349
84	295
27	302
47	260
47	313
25	322
22	339
105	343
10	316
56	314
2	274
27	341
61	262
74	343
91	335
60	308
93	328
2	304
38	314
108	280
119	261
118	309
77	348
60	327
61	266
15	271
101	343
66	302
107	325
80	297
49	342
76	313
20	341
13	324
39	289
44	259
105	295
18	253
78	342
54	306
6	261
87	267
103	347
38	309
25	316
60	250
14	255
71	274
93	332
40	325
8	272
19	349
89	262
40	295
2	251
76	276
42	323
92	347
61	268
39	331
21	263
87	345
83	263
19	255
103	262
51	343
110	309
17	333
42	286
70	274
61	252
31	291
51	314
10	304
85	347
110	311
107	305
7	257
16	269
36	275
83	268
115	252
32	266
43	307
92	339
42	302
108	303
19	257
65	317
51	271
59	311
103	349
30	273
62	291
93	322
74	304
59	253
6	272
27	270
9	286
100	340
94	280
26	288
40	340
24	338
32	339
99	329
54	331
60	300
93	303
86	283
115	291
79	305
37	300
76	279
116	336
114	269
31	333
33	293
90	310
63	331
107	296
84	296
105	269
23	253
100	250
56	311
48	315
18	335
6	259
30	274
76	332
10	322
14	268
60	302
45	300
91	253
90	295
60	334
98	273
31	295
105	262
102	275
47	260
28	340
87	280
26	277
37	341
117	273
81	261
109	327
60	295
16	341
119	347
70	325
39	342
46	266
54	340
20	290
24	318
43	296
78	304
98	295
104	327
81	279
66	269
52	251
30	347
109	313
40	333
14	267
110	287
81	293
98	276
72	276
63	310
48	271
114	315
47	287
7	284
36	297
10	259
51	306
53	315
80	296
13	349
25	255
112	276
59	322
77	305
104	253
62	344
7	265
93	290
73	258
118	294
120	327
25	274
53	274
66	321
109	281
77	275
22	283
19	301
73	279
101	277
16	345
103	285
71	277
88	279
108	275
101	307
30	290
45	319
36	306
11	348
103	295
91	258
31	277
84	273
67	251
90	250
21	318
28	258
84	291
73	311
24	313
106	253
37	319
107	265
41	276
12	346
61	311
81	338
40	253
5	344
33	298
60	319
93	345
1	275
91	296
38	319
109	322
83	266
1	282
46	291
114	253
117	274
116	266
8	283
12	293
55	349
118	285
82	260
47	293
14	281
27	321
11	300
11	319
77	250
87	330
73	339
44	301
60	262
117	323
42	260
46	253
75	278
35	339
24	306
5	330
31	339
43	303
116	285
118	307
77	254
80	265
52	304
84	303
19	301
93	342
40	321
91	294
50	268
72	335
54	339
59	266
41	322
14	277
54	255
84	317
12	283
38	336
14	339
26	312
80	255
15	285
118	326
43	336
12	325
83	304
83	318
77	313
12	343
48	289
62	258
22	279
25	329
31	264
101	296
103	321
92	298
77	342
67	279
1	339
77	268
80	268
85	327
22	274
7	304
53	336
92	271
54	311
44	331
11	285
53	282
7	269
39	281
42	286
106	299
63	311
39	296
118	295
80	343
63	251
85	276
61	336
109	276
6	340
115	349
92	323
55	345
87	258
66	318
60	347
117	307
43	334
75	288
111	286
34	337
111	285
107	295
102	309
56	265
93	345
40	282
4	283
48	286
70	308
72	298
78	319
101	347
48	323
38	317
19	285
27	299
111	318
63	289
107	299
85	267
78	323
2	291
24	278
27	293
77	327
43	328
112	281
69	324
13	307
99	298
75	307
86	280
118	277
58	332
77	313
105	306
17	282
28	262
17	268
19	300
3	316
60	292
81	255
81	272
99	330
100	258
85	302
54	268
47	289
94	316
51	284
75	274
74	264
73	285
67	337
79	275
120	287
89	339
20	283
76	346
46	288
19	327
66	336
90	289
51	314
3	253
94	259
89	341
12	282
21	262
56	287
89	328
25	314
55	303
90	326
90	337
114	280
103	263
86	301
110	323
92	312
3	304
81	321
9	281
21	290
72	341
113	258
51	348
34	313
51	332
14	293
30	314
17	290
69	290
6	250
109	255
20	324
93	324
111	321
92	326
35	277
79	268
16	278
68	262
66	332
106	258
107	297
66	292
38	292
20	274
98	250
27	251
37	291
73	343
109	348
82	345
19	287
119	275
62	328
101	321
14	282
103	285
50	325
106	322
27	282
67	315
9	273
3	349
3	281
74	265
55	318
17	250
61	256
11	284
44	345
1	309
14	285
80	298
103	349
16	308
100	331
100	266
33	300
66	289
78	260
38	293
15	288
101	323
6	286
61	340
68	339
51	279
32	347
92	305
57	346
106	348
47	269
78	276
24	256
89	253
86	276
69	282
64	295
10	270
84	335
43	268
65	339
102	315
76	257
88	300
23	256
91	301
101	287
95	266
120	268
18	346
101	267
96	311
15	323
26	300
4	337
8	254
66	267
50	315
82	314
77	252
53	255
1	277
41	271
4	316
80	251
8	287
108	303
40	290
9	294
42	330
3	343
40	253
22	332
110	300
66	273
66	316
25	261
40	258
18	256
38	290
69	314
109	335
50	344
19	279
59	278
35	314
119	289
44	324
12	251
37	254
66	324
39	272
39	260
115	334
87	303
1	277
50	295
106	337
28	331
95	346
101	339
93	297
103	292
47	281
5	298
62	280
3	284
82	290
7	258
118	272
5	313
73	264
35	318
103	298
47	293
56	335
79	294
107	291
68	265
44	279
8	271
47	286
35	328
59	318
113	258
111	308
26	348
64	328
12	282
62	283
41	287
69	275
54	310
98	285
102	262
117	324
9	292
4	298
120	336
36	294
93	265
70	264
39	294
35	257
21	261
87	336
37	258
36	298
111	311
88	267
20	344
104	297
65	325
33	290
74	267
23	286
120	310
13	285
63	338
95	294
17	347
27	330
112	329
70	298
48	323
7	285
113	276
14	320
63	325
52	252
26	257
89	253
30	307
35	312
44	274
116	307
5	300
55	337
30	308
31	299
60	340
110	318
1	339
119	331
110	308
47	266
64	347
49	336
16	324
28	270
50	334
80	283
88	340
92	331
91	329
61	261
11	309
94	290
45	279
113	295
111	346
96	323
27	330
1	272
39	292
8	283
11	343
87	349
60	347
89	305
108	311
61	304
60	348
60	290
18	271
93	338
103	290
72	257
50	324
67	327
106	328
14	320
91	300
41	315
109	304
107	320
81	347
45	261
107	287
55	329
94	315
27	297
13	315
101	302
54	273
37	267
94	289
24	258
8	285
82	345
117	349
65	283
67	314
38	250
3	331
3	322
64	251
76	309
49	293
76	284
118	272
6	339
93	250
22	272
66	286
91	250
62	259
111	338
80	313
8	278
16	250
35	288
20	305
112	316
36	287
56	321
24	315
75	291
49	305
102	258
58	257
62	309
93	262
77	290
19	324
67	266
19	294
1	282
116	256
112	295
115	273
83	270
47	271
93	305
41	297
117	267
114	300
24	313
37	270
29	258
107	302
102	299
19	335
92	345
112	328
88	320
12	285
36	278
85	279
21	264
116	268
72	277
25	267
119	337
13	335
20	342
40	280
34	304
1	329
61	288
28	310
62	337
38	291
112	271
26	278
84	338
18	335
84	282
35	293
98	329
115	336
101	321
85	314
111	348
42	309
20	292
115	297
62	279
62	282
21	265
19	252
1	298
38	297
113	308
99	250
60	336
12	283
14	281
50	336
27	267
91	295
80	339
7	259
29	292
87	299
5	300
60	309
40	257
97	260
95	257
19	330
14	344
8	259
103	256
82	250
113	315
21	340
11	267
71	334
116	294
4	276
89	299
85	274
60	329
45	288
100	270
79	349
71	250
100	268
106	307
57	337
39	339
77	291
23	345
19	349
58	261
107	313
86	258
95	317
34	320
6	283
45	322
43	276
66	257
23	327
10	313
78	294
64	283
23	280
3	281
82	256
7	326
70	271
109	250
67	304
108	342
20	288
29	337
93	292
57	291
46	273
98	302
44	298
36	309
6	340
114	250
36	307
83	320
1	294
30	263
20	268
98	349
85	309
105	328
1	267
2	348
113	294
65	290
88	287
102	255
11	342
98	347
77	344
71	323
77	253
54	263
111	309
101	301
103	273
77	267
9	269
74	263
102	288
86	260
88	280
14	303
61	263
53	267
34	318
110	347
98	322
2	276
33	320
42	255
96	306
56	272
64	291
45	304
111	251
114	258
44	307
12	285
89	275
33	307
53	329
89	347
26	269
59	297
14	335
109	275
95	330
70	328
33	311
22	294
47	281
46	316
8	274
69	308
85	260
45	298
120	300
39	347
74	280
2	329
40	303
120	273
61	294
81	327
83	269
3	251
98	313
39	296
42	348
5	304
23	348
75	258
80	265
68	304
107	304
7	341
67	287
15	270
64	328
22	330
114	271
78	262
27	278
18	271
87	270
99	305
68	285
20	270
58	289
92	285
33	326
53	255
26	293
11	287
30	317
106	268
77	326
47	277
51	287
55	313
102	294
69	348
87	321
13	286
64	310
69	274
102	262
74	253
96	310
64	253
102	305
84	348
70	295
36	325
85	341
51	323
115	344
105	295
31	327
58	258
108	309
32	310
37	278
19	315
50	295
88	253
83	321
100	303
113	277
58	263
79	261
57	277
56	304
26	288
108	332
56	289
111	301
25	335
112	341
68	279
68	263
81	283
97	337
4	254
68	309
89	345
40	250
22	295
113	330
17	324
26	289
96	316
73	255
70	285
105	285
30	326
19	318
39	339
93	336
25	301
70	300
48	313
71	275
44	346
27	285
82	256
65	265
61	308
50	335
48	292
76	312
97	290
96	299
20	335
89	323
30	343
31	288
55	322
92	275
64	262
100	302
120	317
21	259
105	301
21	271
86	317
98	309
68	291
41	254
6	339
92	348
15	317
6	317
108	279
60	299
59	294
77	271
43	274
97	337
74	251
40	348
14	308
18	298
35	300
78	342
24	335
42	261
20	263
120	343
42	317
107	258
29	278
91	349
32	302
27	298
41	308
49	328
55	281
85	304
30	321
77	255
60	313
33	286
83	321
37	268
108	288
105	315
18	339
86	301
108	283
26	269
32	327
89	290
103	329
50	253
57	304
67	268
9	282
79	326
97	341
20	292
28	284
100	290
33	308
104	256
94	338
96	312
21	292
49	299
111	252
101	291
31	274
61	314
11	308
33	290
62	330
104	295
1	277
57	294
9	273
3	299
84	270
78	271
73	271
61	302
28	314
16	335
112	299
29	282
93	279
13	346
120	314
19	343
49	294
117	289
34	251
46	279
108	347
92	331
37	297
69	342
9	328
38	339
108	271
24	340
85	290
20	296
30	332
97	316
8	311
41	270
1	287
82	250
57	296
52	314
113	270
40	301
52	261
94	293
102	317
92	291
50	260
67	283
103	252
58	268
18	268
2	278
23	274
72	327
6	337
47	287
7	287
78	273
29	266
4	342
42	334
99	338
17	268
93	314
14	314
96	303
85	320
98	326
22	303
50	279
88	325
37	311
34	296
91	251
99	339
82	335
66	349
64	291
104	319
37	313
42	293
88	285
34	301
117	265
84	334
111	336
31	334
51	295
92	273
88	349
81	303
86	295
26	307
43	287
81	328
49	301
55	294
18	263
97	323
73	264
107	298
70	330
47	251
63	296
106	330
25	344
51	312
120	314
4	276
42	339
27	337
20	297
96	267
81	333
82	292
31	319
97	312
111	252
79	308
12	327
28	340
41	344
8	287
120	276
6	289
82	315
72	254
102	344
27	346
97	313
14	256
97	288
119	334
25	342
26	328
98	300
92	292
5	280
56	269
97	302
62	297
53	332
41	312
53	266
53	322
28	253
96	272
76	347
45	335
41	302
6	303
21	292
38	274
51	325
10	305
46	322
103	260
76	283
90	263
55	338
67	327
53	262
85	302
110	280
54	290
2	329
49	295
57	331
30	270
67	339
113	251
8	270
116	254
58	287
49	285
1	296
113	257
65	264
28	333
39	277
75	309
15	280
53	262
117	315
53	294
47	334
106	311
39	308
82	308
118	259
3	328
14	260
35	309
49	283
66	318
104	280
107	281
52	257
17	308
42	250
58	345
3	268
9	283
88	266
72	264
77	316
52	269
35	287
112	348
117	341
26	252
1	331
83	346
56	321
63	259
47	314
14	279
17	263
82	254
29	323
8	261
64	296
112	309
38	251
56	303
102	297
4	262
8	263
10	295
81	324
6	265
109	251
117	321
90	250
110	296
84	292
54	347
70	310
95	279
42	341
64	277
20	295
20	326
101	305
15	292
101	277
32	325
115	279
58	291
14	334
29	307
66	250
79	311
12	313
12	281
23	293
110	292
80	250
60	322
54	317
62	318
87	334
95	336
30	338
16	257
5	290
103	261
107	281
107	349
65	309
91	255
106	339
106	255
7	349
29	294
61	348
57	252
1	301
50	274
102	349
102	312
36	278
52	294
83	346
82	343
68	269
100	261
61	287
90	253
72	287
93	347
56	320
108	260
48	279
69	290
15	305
93	285
40	288
15	311
35	280
18	277
37	286
6	296
31	321
84	260
112	318
96	268
31	339
91	324
9	321
2	338
109	289
23	264
32	308
91	317
21	314
61	266
109	345
76	335
89	331
108	291
26	337
82	269
17	322
86	285
41	318
83	324
118	310
85	251
14	318
44	276
113	322
102	322
35	325
40	286
66	264
93	256
51	285
3	260
107	265
5	322
63	317
116	286
86	272
88	341
27	305
105	289
71	289
18	337
27	320
87	288
9	300
78	263
117	283
72	339
12	319
89	341
14	251
3	290
4	260
22	331
5	309
17	306
120	310
66	291
66	295
91	319
68	257
62	325
67	283
46	313
103	302
114	306
26	304
65	259
70	255
52	339
4	289
16	255
80	310
102	292
93	251
70	335
54	318
21	308
29	349
117	346
71	332
70	283
19	298
74	324
24	280
60	268
112	318
56	301
89	290
33	332
97	332
63	333
106	284
59	295
95	266
22	324
28	287
24	313
54	305
112	296
70	256
65	278
25	300
13	327
31	300
64	274
1	347
58	341
70	346
7	276
37	269
105	253
65	287
23	308
107	282
22	274
27	299
60	296
95	314
44	340
77	333
4	263
57	317
45	332
105	297
115	267
5	297
14	277
93	303
15	278
120	333
90	262
74	332
14	338
2	278
15	306
53	346
50	260
69	252
2	258
2	251
102	252
57	274
59	322
65	292
50	276
81	300
76	328
80	326
11	268
105	251
43	306
43	309
41	301
86	250
16	319
90	300
43	347
84	316
91	267
114	253
26	270
12	267
71	274
49	262
68	278
54	339
97	316
58	273
58	287
47	321
77	347
16	289
68	291
120	262
82	340
113	314
65	344
108	306
73	342
111	325
98	288
81	349
3	317
94	269
95	290
54	334
29	322
69	321
109	267
83	326
17	333
116	338
79	316
65	331
64	335
67	316
23	275
34	251
69	327
107	328
5	287
78	297
20	309
21	282
26	339
25	282
61	251
98	259
92	290
120	288
3	270
37	296
41	332
120	273
64	255
9	324
66	327
49	250
35	322
36	294
10	320
58	267
29	280
96	339
102	327
78	269
85	254
68	344
81	341
10	318
25	287
59	252
30	308
102	292
43	312
40	295
46	264
58	311
92	283
6	250
98	344
54	345
72	287
2	254
3	282
117	308
19	290
83	317
108	293
14	332
68	281
97	337
21	284
15	294
66	315
27	289
111	333
40	330
95	283
103	346
78	259
35	252
45	348
45	262
78	344
102	262
46	320
83	317
85	288
37	328
62	273
40	303
48	314
103	267
44	324
25	305
50	255
7	338
99	313
47	307
92	281
1	253
66	271
112	328
97	252
34	258
70	265
105	256
38	303
15	340
68	336
100	251
28	309
21	254
17	293
120	328
83	268
104	286
50	319
39	337
51	308
33	298
71	301
25	307
93	315
113	312
27	290
3	324
96	324
15	327
77	258
40	346
32	322
43	296
57	302
61	285
58	260
33	282
48	315
24	321
31	281
25	282
52	326
104	301
63	294
114	294
63	269
23	251
33	251
63	347
17	251
39	320
111	328
19	347
23	312
11	303
35	299
72	281
56	305
72	335
90	255
55	293
48	338
2	253
26	313
46	335
100	250
44	343
11	313
8	339
19	331
72	253
40	307
54	275
115	286
45	322
22	270
87	284
120	309
21	343
33	299
108	307
31	332
95	290
30	289
111	341
39	348
39	258
108	280
110	305
38	325
15	288
74	328
94	290
18	266
48	298
80	348
33	313
114	284
47	333
56	318
43	330
78	288
44	290
119	250
48	250
47	301
99	306
107	275
72	263
7	264
73	299
8	277
61	283
7	291
107	306
78	293
89	260
50	275
22	348
82	261
24	313
51	269
103	335
11	268
37	281
86	287
104	278
55	344
20	321
54	296
65	259
108	305
69	264
97	299
90	314
10	334
47	331
23	335
92	288
117	254
79	266
87	331
77	285
8	335
47	332
112	290
109	337
10	333
6	286
96	311
110	335
48	269
2	316
54	254
18	315
87	274
91	324
25	307
36	292
86	269
28	273
103	327
110	279
81	262
109	335
30	344
2	334
49	267
59	311
71	259
105	324
103	292
2	313
11	278
106	307
31	341
15	324
108	258
26	346
96	322
67	269
32	255
93	342
2	276
28	283
68	313
61	322
55	347
47	341
69	316
9	323
50	273
83	289
11	297
86	277
73	259
45	298
98	297
51	258
27	267
72	331
9	280
118	272
75	337
100	279
103	278
59	293
88	306
98	320
17	313
47	264
99	321
38	315
69	313
8	334
26	330
3	322
117	332
69	293
20	316
5	304
16	321
16	317
106	310
101	267
117	334
42	250
69	278
94	252
9	255
37	278
95	295
52	257
116	268
9	265
68	330
46	272
100	329
23	272
23	314
23	252
64	296
19	267
60	263
83	259
2	329
17	295
116	283
110	254
58	273
26	279
21	267
19	307
11	273
118	255
44	272
10	267
99	298
48	278
4	340
100	313
108	265
8	342
107	277
71	261
110	285
46	293
81	336
5	319
60	290
34	252
64	346
71	301
24	296
59	261
4	289
54	344
108	310
56	309
1	320
98	293
119	304
63	327
95	272
98	349
10	295
89	338
61	316
114	286
112	314
86	307
67	333
13	294
114	252
27	335
47	337
67	295
56	312
43	278
26	267
41	335
64	305
84	295
38	315
3	275
119	280
71	250
120	269
92	299
15	258
75	333
52	284
7	325
6	327
99	257
101	319
92	308
84	308
18	260
113	290
20	337
14	295
46	322
45	342
15	287
28	250
54	257
86	322
90	271
67	278
89	257
26	314
120	307
39	332
3	298
42	288
21	286
10	317
115	325
110	333
29	318
84	294
45	279
20	309
48	285
44	306
92	340
26	333
53	323
3	262
78	291
91	263
77	326
31	275
98	334
109	276
42	333
77	326
71	301
53	332
65	343
7	289
69	254
4	274
114	268
64	269
63	270
21	316
53	329
51	310
49	331
89	299
115	339
31	289
80	289
66	344
12	336
44	294
36	275
44	313
4	269
20	264
41	251
13	251
64	332
97	336
88	349
33	293
28	309
53	310
83	331
93	347
38	278
39	253
28	265
104	278
43	281
70	286
24	313
78	263
118	261
45	326
11	255
47	301
62	318
74	290
79	319
98	283
109	345
85	264
88	270
104	255
55	336
91	304
12	290
81	347
30	282
43	333
27	251
101	335
30	297
104	325
7	260
17	257
55	338
84	313
55	329
35	318
83	309
28	251
91	294
51	335
88	276
15	318
66	300
37	318
3	313
34	251
94	310
81	291
13	265
98	333
92	318
111	281
55	310
67	284
65	263
26	251
62	335
16	325
93	279
91	250
112	273
71	313
29	329
79	288
50	258
8	271
50	312
96	277
84	301
10	260
88	330
61	305
53	288
37	258
85	259
118	301
21	257
119	258
90	270
96	336
68	309
48	295
60	275
113	266
70	345
108	347
9	316
16	293
43	252
64	303
35	304
58	323
106	274
35	261
15	283
83	328
87	326
44	317
80	280
37	257
59	265
13	259
53	260
97	343
83	304
60	261
114	301
57	299
30	339
29	260
71	251
48	313
90	330
3	344
60	340
1	270
28	346
34	306
112	255
113	266
22	282
83	317
16	311
36	303
99	283
22	334
107	250
48	263
4	257
16	257
31	281
86	306
64	348
26	282
5	328
74	346
115	307
89	320
16	345
112	294
19	281
101	293
81	330
84	277
89	300
70	307
95	329
54	261
85	348
106	268
27	330
104	349
94	335
115	305
17	271
104	332
74	307
63	301
14	323
29	297
17	272
5	345
87	324
51	346
84	314
86	269
70	260
23	261
74	329
13	326
72	337
19	320
58	317
49	314
93	282
64	264
38	288
106	268
110	260
44	347
27	290
8	266
111	310
39	342
44	261
58	322
83	325
92	272
36	251
21	260
91	332
64	283
4	280
48	303
16	251
104	302
36	321
112	302
118	338
30	319
115	334
22	302
28	329
14	300
57	269
109	324
7	261
98	327
110	334
18	299
116	323
20	304
112	294
116	287
113	263
56	289
71	331
83	264
82	258
116	335
14	300
15	273
25	324
113	253
105	251
86	259
10	323
5	331
12	303
81	330
17	284
63	259
32	292
77	327
58	260
55	266
16	328
25	299
16	279
14	258
87	334
67	287
72	266
8	300
117	347
114	297
15	332
89	305
73	311
106	301
73	280
53	309
67	296
118	287
37	345
7	344
14	299
26	267
96	292
5	347
45	342
94	294
106	336
34	257
99	261
91	269
47	330
9	294
22	332
71	315
12	284
21	320
82	313
91	261
8	266
81	329
61	273
27	273
38	319
46	310
9	343
82	304
69	301
77	287
45	313
70	267
48	313
109	325
55	255
47	338
11	282
70	253
109	252
80	262
6	323
105	257
113	262
111	308
76	281
75	328
20	340
36	281
64	334
50	273
61	304
52	322
32	312
55	333
86	318
36	328
44	253
115	252
26	323
78	271
39	314
5	297
74	343
54	320
41	298
56	329
107	250
58	270
51	266
66	266
8	253
101	252
62	348
27	294
117	258
27	266
64	274
5	308
48	315
4	263
70	282
64	303
91	329
98	271
90	283
41	337
105	323
67	341
20	278
108	337
97	276
91	257
34	268
82	326
80	266
44	328
65	303
27	277
93	289
9	274
116	346
62	348
93	250
55	260
25	263
48	327
46	334
109	339
12	265
10	303
11	301
62	314
112	348
113	250
98	272
24	337
94	322
21	271
42	302
95	286
83	324
6	258
29	339
113	301
67	348
82	251
33	330
105	272
119	336
85	310
98	332
70	303
70	327
33	329
72	314
97	292
17	349
17	263
93	271
118	316
9	288
105	331
36	297
3	301
106	300
45	335
116	264
60	302
42	318
39	300
79	325
84	255
1	291
21	320
67	335
75	255
1	254
95	268
70	333
102	264
37	294
118	312
14	271
95	277
105	302
44	343
91	256
106	288
55	292
45	288
104	330
83	319
114	330
50	295
119	341
109	335
45	331
48	290
49	252
92	334
22	283
18	255
56	291
54	294
41	323
57	271
56	253
33	311
33	278
108	317
19	298
120	269
88	338
27	345
26	309
48	318
27	323
74	349
17	308
109	252
56	262
89	296
73	323
8	320
119	309
15	306
12	286
12	296
117	341
111	286
33	288
89	314
98	331
69	258
79	309
22	324
9	286
23	330
45	327
107	333
92	285
70	313
4	250
47	340
25	272
27	271
13	337
67	272
100	282
80	263
45	299
102	282
76	293
19	313
17	298
58	277
34	251
45	314
60	276
83	265
118	308
90	260
81	297
40	260
75	254
71	349
41	274
70	273
95	349
4	315
51	311
68	279
90	284
76	272
84	298
2	343
45	322
111	283
34	310
44	338
87	291
62	283
95	337
115	294
80	258
37	328
104	312
17	257
90	273
1	334
10	327
54	349
48	272
13	342
88	261
27	260
95	300
99	318
104	347
45	303
37	260
97	269
64	262
3	332
39	316
70	342
24	308
33	283
73	310
117	332
90	332
51	298
95	258
3	322
66	281
39	252
60	250
26	321
55	313
78	267
26	256
106	276
94	303
37	311
119	311
20	287
74	297
40	297
51	257
2	332
110	332
103	340
85	326
105	290
48	312
15	331
60	324
30	326
14	288
66	337
8	338
25	256
10	327
45	346
101	265
57	332
70	325
43	299
44	258
90	291
108	316
61	283
46	325
48	273
71	295
117	297
36	320
72	299
65	332
48	282
64	321
72	259
54	257
56	298
43	288
87	259
67	250
48	294
26	335
30	316
73	259
86	278
83	264
29	309
51	320
51	313
71	346
8	332
80	272
43	279
96	346
17	284
65	279
82	275
108	329
2	306
72	301
47	264
83	287
8	262
102	284
58	274
8	283
26	304
98	346
29	310
117	301
60	269
48	302
73	349
43	336
64	317
54	337
83	304
34	277
113	287
65	315
103	296
88	266
60	340
54	314
6	271
80	331
67	320
10	286
12	336
48	314
99	336
3	301
35	309
47	273
95	267
120	339
58	314
116	305
27	327
90	304
54	258
73	315
62	251
26	305
31	264
94	255
112	278
7	310
111	269
58	278
1	257
104	275
73	288
115	301
55	297
61	312
9	315
27	260
71	323
76	322
24	312
60	308
3	330
29	336
90	298
58	291
9	339
74	328
87	255
19	293
33	282
45	290
3	295
84	346
93	303
23	285
13	270
46	336
82	318
65	317
116	306
102	261
57	286
57	296
90	304
116	312
21	297
37	269
69	338
16	292
100	348
91	251
57	328
104	293
60	292
99	286
82	291
118	280
98	267
64	308
53	282
78	282
97	337
34	298
20	280
14	261
68	318
61	339
88	292
12	321
111	253
82	326
120	260
102	284
29	266
22	288
6	311
64	325
111	314
37	314
80	285
55	272
43	309
56	298
117	318
26	286
38	286
67	251
48	273
102	289
7	332
94	339
36	348
57	310
70	305
67	334
99	303
22	253
109	314
34	311
6	280
113	324
35	330
4	312
42	313
111	252
75	348
65	254
59	254
61	310
71	334
114	274
3	347
93	310
34	309
33	319
101	252
45	319
35	269
59	325
17	282
119	251
62	334
82	258
118	299
97	298
28	273
93	293
31	310
83	320
18	260
83	269
100	330
5	309
49	348
108	333
4	315
59	296
105	265
103	264
98	285
103	259
24	276
86	259
46	287
14	259
37	264
29	289
106	263
32	312
57	315
114	277
69	334
41	261
12	321
98	264
81	301
111	328
95	328
7	342
68	338
114	342
55	304
110	285
33	320
80	275
48	289
47	311
32	308
120	346
84	260
33	338
4	294
85	261
49	327
17	334
9	269
